
# R11treat.dat
#
# This is a processed and treated version of the Cepheid and redshift datas from R11.
# (Riess et al. 2011 [R11], ApJ, 730, 119, Table 2)
#
# The description of each column can be found in the R11treat_info.txt file.
#

id	gal	z	dL	M	Merr	m	merr	P	logP	logO_H	bias	Pivot
27185	4536	0.006031	25.847142857142856	-7.549762715881791	0.31	24.5123	0.31	13.0	1.1139433523068367	-3.46	0.13	1.4741253668998888
42353	4536	0.006031	25.847142857142856	-6.07136271588179	0.74	25.9907	0.74	13.07	1.1162755875805443	-3.03	0.37	1.4741253668998888
50718	4536	0.006031	25.847142857142856	-7.9128627158817935	0.42	24.1492	0.42	13.73	1.137670537236755	-3.36	0.28	1.4741253668998888
72331	4536	0.006031	25.847142857142856	-7.586962715881789	0.44	24.4751	0.44	13.91	1.1433271299920464	-3.19	0.22	1.4741253668998888
65694	4536	0.006031	25.847142857142856	-7.20386271588179	0.38	24.8582	0.38	14.38	1.1577588860468637	-3.1	0.39	1.4741253668998888
58805	4536	0.006031	25.847142857142856	-9.115362715881792	0.35	22.9467	0.35	14.44	1.1595671932336202	-3.22	0.26	1.4741253668998888
53703	4536	0.006031	25.847142857142856	-6.977262715881793	0.47	25.0848	0.47	14.53	1.1622656142980214	-3.28	0.27	1.4741253668998888
70938	4536	0.006031	25.847142857142856	-6.514462715881791	0.58	25.5476	0.58	14.62	1.1649473726218416	-3.06	0.3	1.4741253668998888
40098	4536	0.006031	25.847142857142856	-7.331562715881795	0.52	24.7305	0.52	14.64	1.165541076722373	-3.28	0.63	1.4741253668998888
48539	4536	0.006031	25.847142857142856	-8.901062715881793	0.31	23.161	0.31	15.03	1.176958980586908	-3.11	0.29	1.4741253668998888
65695	4536	0.006031	25.847142857142856	-7.994362715881792	0.41	24.0677	0.41	15.16	1.1806992012960347	-3.11	0.26	1.4741253668998888
66974	4536	0.006031	25.847142857142856	-9.095362715881793	0.44	22.9667	0.44	15.65	1.1945143418824673	-3.21	0.56	1.4741253668998888
67328	4536	0.006031	25.847142857142856	-8.418262715881795	0.32	23.6438	0.32	16.24	1.2105860249051565	-3.13	0.24	1.4741253668998888
71258	4536	0.006031	25.847142857142856	-8.388262715881794	0.27	23.6738	0.27	17.02	1.230959555748569	-3.05	0.22	1.4741253668998888
68306	4536	0.006031	25.847142857142856	-7.6003627158817935	0.19	24.4617	0.19	17.16	1.2345172835126867	-3.03	0.05	1.4741253668998888
45164	4536	0.006031	25.847142857142856	-7.723362715881791	0.56	24.3387	0.56	17.31	1.2382970678753937	-3.31	0.43	1.4741253668998888
50050	4536	0.006031	25.847142857142856	-8.916662715881792	0.26	23.1454	0.26	17.56	1.2445245115700838	-3.25	0.29	1.4741253668998888
64661	4536	0.006031	25.847142857142856	-8.157462715881792	0.3	23.9046	0.3	17.65	1.2467447097238413	-3.08	0.19	1.4741253668998888
40923	4536	0.006031	25.847142857142856	-8.546662715881794	0.24	23.5154	0.24	18.16	1.2591158441850663	-3.47	0.01	1.4741253668998888
66029	4536	0.006031	25.847142857142856	-7.616762715881791	0.24	24.4453	0.24	18.39	1.2645817292380774	-3.33	0.13	1.4741253668998888
75137	4536	0.006031	25.847142857142856	-7.981062715881791	0.22	24.081	0.22	18.67	1.2711443179490785	-3.37	0.05	1.4741253668998888
35584	4536	0.006031	25.847142857142856	-7.068062715881794	0.36	24.994	0.36	18.89	1.2762319579218335	-3.42	0.16	1.4741253668998888
60991	4536	0.006031	25.847142857142856	-7.66296271588179	0.47	24.3991	0.47	19.01	1.2789821168654432	-3.23	0.44	1.4741253668998888
74017	4536	0.006031	25.847142857142856	-7.190562715881789	0.5	24.8715	0.5	19.31	1.2857822737793947	-3.09	0.37	1.4741253668998888
33174	4536	0.006031	25.847142857142856	-7.756762715881791	0.25	24.3053	0.25	19.47	1.2893659515200318	-3.45	0.13	1.4741253668998888
38963	4536	0.006031	25.847142857142856	-8.108462715881792	0.26	23.9536	0.26	19.6	1.2922560713564761	-3.43	0.11	1.4741253668998888
37037	4536	0.006031	25.847142857142856	-8.04056271588179	0.25	24.0215	0.25	19.65	1.2933625547114456	-3.38	0.21	1.4741253668998888
65214	4536	0.006031	25.847142857142856	-8.239562715881789	0.23	23.8225	0.23	19.69	1.2942457161381182	-3.39	0.11	1.4741253668998888
65080	4536	0.006031	25.847142857142856	-7.613662715881794	0.25	24.4484	0.25	19.98	1.3005954838899636	-2.99	0.16	1.4741253668998888
69821	4536	0.006031	25.847142857142856	-8.009262715881789	0.21	24.0528	0.21	20.41	1.3098430047160705	-3.35	0.06	1.4741253668998888
60845	4536	0.006031	25.847142857142856	-8.439562715881792	0.29	23.6225	0.29	21.26	1.327563260187278	-3.14	0.14	1.4741253668998888
36586	4536	0.006031	25.847142857142856	-7.2915627158817955	0.61	24.7705	0.61	21.29	1.3281756614383224	-3.26	0.48	1.4741253668998888
45000	4536	0.006031	25.847142857142856	-8.041062715881793	0.35	24.021	0.35	21.58	1.334051440346892	-3.15	0.35	1.4741253668998888
58232	4536	0.006031	25.847142857142856	-8.08696271588179	0.25	23.9751	0.25	21.94	1.3412366232386923	-3.2	0.24	1.4741253668998888
49022	4536	0.006031	25.847142857142856	-7.481562715881793	0.62	24.5805	0.62	22.66	1.3552599055273784	-3.21	0.05	1.4741253668998888
60060	4536	0.006031	25.847142857142856	-7.717162715881791	0.47	24.3449	0.47	22.68	1.355643050220869	-3.23	0.36	1.4741253668998888
25262	4536	0.006031	25.847142857142856	-7.545062715881791	0.43	24.517	0.43	22.91	1.3600250891893975	-3.42	0.19	1.4741253668998888
57215	4536	0.006031	25.847142857142856	-7.955162715881791	0.34	24.1069	0.34	23.21	1.3656751404559178	-3.32	0.12	1.4741253668998888
64002	4536	0.006031	25.847142857142856	-8.784062715881795	0.31	23.278	0.31	24.31	1.3857849588433357	-3.21	0.25	1.4741253668998888
67162	4536	0.006031	25.847142857142856	-8.43566271588179	0.18	23.6264	0.18	24.43	1.3879234669734368	-3.0	0.07	1.4741253668998888
52964	4536	0.006031	25.847142857142856	-9.361762715881794	0.24	22.7003	0.24	28.05	1.4479328655921802	-3.27	0.08	1.4741253668998888
49080	4536	0.006031	25.847142857142856	-8.569762715881794	0.32	23.4923	0.32	28.74	1.4584867637982069	-3.24	0.15	1.4741253668998888
56988	4536	0.006031	25.847142857142856	-8.514762715881794	0.35	23.5473	0.35	29.06	1.4632956099620027	-3.23	0.22	1.4741253668998888
39040	4536	0.006031	25.847142857142856	-9.04126271588179	0.36	23.0208	0.36	29.98	1.4768316285122607	-3.19	0.28	1.4741253668998888
49524	4536	0.006031	25.847142857142856	-8.197162715881795	0.5	23.8649	0.5	30.2	1.4800069429571505	-3.18	0.37	1.4741253668998888
28024	4536	0.006031	25.847142857142856	-8.38536271588179	0.26	23.6767	0.26	30.22	1.4802944600030066	-3.42	0.1	1.4741253668998888
24880	4536	0.006031	25.847142857142856	-7.84256271588179	0.29	24.2195	0.29	30.23	1.4804381471778172	-3.43	0.07	1.4741253668998888
46407	4536	0.006031	25.847142857142856	-8.922062715881793	0.21	23.14	0.21	31.32	1.4958217533859057	-3.11	0.12	1.4741253668998888
41282	4536	0.006031	25.847142857142856	-9.249762715881792	0.26	22.8123	0.26	32.94	1.5177235948337355	-3.31	0.18	1.4741253668998888
64465	4536	0.006031	25.847142857142856	-9.531062715881793	0.24	22.531	0.24	35.16	1.5460488664017342	-3.25	0.16	1.4741253668998888
56960	4536	0.006031	25.847142857142856	-8.948962715881791	0.29	23.1131	0.29	35.88	1.5548524343720544	-3.24	0.21	1.4741253668998888
55447	4536	0.006031	25.847142857142856	-8.529262715881792	0.32	23.5328	0.32	37.27	1.5713593927538396	-3.23	0.23	1.4741253668998888
70171	4536	0.006031	25.847142857142856	-8.96156271588179	0.17	23.1005	0.17	37.59	1.5750723257138124	-3.31	0.08	1.4741253668998888
59779	4536	0.006031	25.847142857142856	-8.139562715881794	0.16	23.9225	0.16	39.62	1.5979144712025282	-2.95	0.05	1.4741253668998888
74682	4536	0.006031	25.847142857142856	-9.388462715881792	0.19	22.6736	0.19	42.66	1.63002085111341	-3.08	0.12	1.4741253668998888
35530	4536	0.006031	25.847142857142856	-8.396662715881789	0.19	23.6654	0.19	42.93	1.632760888479439	-3.46	0.06	1.4741253668998888
58154	4536	0.006031	25.847142857142856	-9.41186271588179	0.22	22.6502	0.22	49.38	1.6935510855959135	-3.21	0.1	1.4741253668998888
62963	4536	0.006031	25.847142857142856	-9.038962715881793	0.14	23.0231	0.14	50.04	1.6993173010213822	-2.98	0.02	1.4741253668998888
42055	4536	0.006031	25.847142857142856	-9.170262715881792	0.14	22.8918	0.14	50.67	1.7047509042906712	-3.48	0.02	1.4741253668998888
66973	4536	0.006031	25.847142857142856	-9.57956271588179	0.21	22.4825	0.21	52.41	1.7194141597025934	-3.21	0.19	1.4741253668998888
71233	4536	0.006031	25.847142857142856	-9.952062715881793	0.16	22.11	0.16	54.45	1.7359978840917938	-3.22	0.07	1.4741253668998888
47585	4536	0.006031	25.847142857142856	-9.779762715881793	0.12	22.2823	0.12	54.53	1.7366354976868212	-3.43	0.03	1.4741253668998888
65517	4536	0.006031	25.847142857142856	-9.595362715881793	0.13	22.4667	0.13	60.16	1.7793078275835859	-2.99	0.07	1.4741253668998888
73471	4536	0.006031	25.847142857142856	-11.148462715881793	0.16	20.9136	0.16	64.74	1.8111726950665543	-3.1	0.06	1.4741253668998888
72937	4536	0.006031	25.847142857142856	-9.347462715881791	0.2	22.7146	0.2	66.23	1.8210547550468883	-3.11	0.09	1.4741253668998888
44078	4536	0.006031	25.847142857142856	-9.821062715881792	0.13	22.241	0.13	111.9	2.04883008652835	-3.1	0.04	1.4741253668998888
48663	4536	0.006031	25.847142857142856	-10.319462715881793	0.12	21.7426	0.12	119.1	2.0759117614827773	-3.12	0.03	1.4741253668998888
58929	4536	0.006031	25.847142857142856	-10.718962715881792	0.12	21.3431	0.12	158.1	2.198931869932209	-3.22	0.02	1.4741253668998888
51147	4536	0.006031	25.847142857142856	-10.70456271588179	0.18	21.3575	0.18	187.2	2.2723058444020863	-3.2	0.04	1.4741253668998888
93194	4639	0.003395	14.55	-6.906114966609628	0.54	23.9082	0.54	16.35	1.213517756996305	-2.87	0.77	1.4741253668998888
38185	4639	0.003395	14.55	-5.0718149666096295	0.46	25.7425	0.46	16.54	1.2185355052165279	-3.1	0.26	1.4741253668998888
39515	4639	0.003395	14.55	-6.03201496660963	0.15	24.7823	0.15	18.12	1.2581581933407944	-3.43	-0.02	1.4741253668998888
36306	4639	0.003395	14.55	-6.982814966609631	0.46	23.8315	0.46	19.42	1.2882492255719862	-2.95	0.31	1.4741253668998888
111466	4639	0.003395	14.55	-6.552014966609633	0.31	24.2623	0.31	19.6	1.2922560713564761	-3.14	0.18	1.4741253668998888
33734	4639	0.003395	14.55	-6.586914966609633	0.3	24.2274	0.3	21.69	1.3362595520141933	-3.12	0.15	1.4741253668998888
42674	4639	0.003395	14.55	-5.656914966609634	0.73	25.1574	0.73	21.82	1.338854746252323	-2.86	0.43	1.4741253668998888
45895	4639	0.003395	14.55	-6.693814966609629	0.43	24.1205	0.43	21.89	1.3402457615679317	-2.87	0.42	1.4741253668998888
102787	4639	0.003395	14.55	-6.044314966609633	0.32	24.77	0.32	22.38	1.3498600821923312	-3.23	0.11	1.4741253668998888
70860	4639	0.003395	14.55	-6.564814966609632	0.59	24.2495	0.59	24.25	1.3847117429382825	-3.03	0.44	1.4741253668998888
46993	4639	0.003395	14.55	-6.555314966609629	0.48	24.259	0.48	24.9	1.3961993470957363	-3.02	0.42	1.4741253668998888
41122	4639	0.003395	14.55	-7.321514966609634	0.35	23.4928	0.35	25.8	1.4116197059632303	-2.9	0.69	1.4741253668998888
39959	4639	0.003395	14.55	-5.663314966609633	0.67	25.151	0.67	26.99	1.4312028845565166	-2.95	0.28	1.4741253668998888
64316	4639	0.003395	14.55	-7.375614966609632	0.6	23.4387	0.6	27.14	1.4336098433237183	-2.97	0.41	1.4741253668998888
34553	4639	0.003395	14.55	-5.929514966609631	0.49	24.8848	0.49	29.19	1.4652340949880143	-3.02	0.2	1.4741253668998888
107795	4639	0.003395	14.55	-6.3610149666096305	0.28	24.4533	0.28	30.02	1.4774106879072515	-3.13	0.19	1.4741253668998888
78588	4639	0.003395	14.55	-6.7641149666096325	0.36	24.0502	0.36	30.84	1.4891143693789193	-3.07	0.13	1.4741253668998888
97020	4639	0.003395	14.55	-6.037614966609631	0.14	24.7767	0.14	30.9	1.4899584794248346	-3.37	0.01	1.4741253668998888
27312	4639	0.003395	14.55	-6.9405149666096335	0.2	23.8738	0.2	33.04	1.5190400386483447	-3.12	0.06	1.4741253668998888
89925	4639	0.003395	14.55	-6.191814966609634	0.26	24.6225	0.26	33.44	1.5242662687669788	-3.13	0.14	1.4741253668998888
45055	4639	0.003395	14.55	-7.421014966609633	0.43	23.3933	0.43	35.0	1.5440680443502757	-2.81	0.46	1.4741253668998888
50944	4639	0.003395	14.55	-7.042014966609628	0.61	23.7723	0.61	35.16	1.5460488664017342	-2.8	0.43	1.4741253668998888
32876	4639	0.003395	14.55	-7.410714966609632	0.32	23.4036	0.32	36.41	1.5612206789339438	-3.19	-0.1	1.4741253668998888
81322	4639	0.003395	14.55	-6.185114966609632	0.81	24.6292	0.81	38.15	1.5814945422908993	-2.75	0.49	1.4741253668998888
87883	4639	0.003395	14.55	-7.655114966609631	0.32	23.1592	0.32	40.9	1.6117233080073419	-2.99	0.23	1.4741253668998888
114011	4639	0.003395	14.55	-7.241514966609628	0.23	23.5728	0.23	41.18	1.6146863422820126	-3.14	0.08	1.4741253668998888
65236	4639	0.003395	14.55	-6.094114966609631	0.8	24.7202	0.8	41.36	1.616580530085886	-2.8	0.67	1.4741253668998888
26954	4639	0.003395	14.55	-7.319714966609631	0.2	23.4946	0.2	43.75	1.6409780573583321	-3.12	0.09	1.4741253668998888
76749	4639	0.003395	14.55	-7.018914966609628	0.67	23.7954	0.67	45.67	1.6596310116070006	-2.9	0.45	1.4741253668998888
115343	4639	0.003395	14.55	-6.84581496660963	0.24	23.9685	0.24	48.34	1.6843066460716316	-3.16	0.15	1.4741253668998888
86917	4639	0.003395	14.55	-7.256614966609632	0.11	23.5577	0.11	48.91	1.6893976628212823	-3.31	-0.0	1.4741253668998888
91692	4639	0.003395	14.55	-7.94811496660963	0.39	22.8662	0.39	49.61	1.6955692270361855	-2.89	0.33	1.4741253668998888
47978	4639	0.003395	14.55	-7.02281496660963	0.39	23.7915	0.39	54.97	1.7401257369657306	-3.05	0.19	1.4741253668998888
80923	4639	0.003395	14.55	-7.063514966609631	0.4	23.7508	0.4	58.32	1.7658175153099183	-2.79	0.42	1.4741253668998888
36973	4639	0.003395	14.55	-7.756514966609629	0.25	23.0578	0.25	64.85	1.8119099804200989	-2.93	0.16	1.4741253668998888
91486	4639	0.003395	14.55	-6.295614966609634	0.71	24.5187	0.71	86.69	1.937969002951453	-2.91	0.5	1.4741253668998888
89399	4639	0.003395	14.55	-8.042814966609633	0.35	22.7715	0.35	105.3	2.0224283711854865	-2.85	0.36	1.4741253668998888
88045	3370	0.004266	18.282857142857143	-5.744920329094079	0.58	25.5653	0.58	14.45	1.1598678470925667	-3.08	1.3	1.4741253668998888
35527	3370	0.004266	18.282857142857143	-6.83892032909408	0.47	24.4713	0.47	15.09	1.17868923977559	-3.07	0.87	1.4741253668998888
8849	3370	0.004266	18.282857142857143	-7.013820329094081	0.54	24.2964	0.54	15.39	1.1872386198314788	-3.1	0.74	1.4741253668998888
52153	3370	0.004266	18.282857142857143	-5.6631203290940775	0.27	25.6471	0.27	15.77	1.1978316933289028	-3.63	0.18	1.4741253668998888
2204	3370	0.004266	18.282857142857143	-5.323320329094081	0.64	25.9869	0.64	16.21	1.209783014848515	-3.37	0.16	1.4741253668998888
24497	3370	0.004266	18.282857142857143	-6.14692032909408	0.55	25.1633	0.55	16.78	1.2247919564926815	-3.14	0.66	1.4741253668998888
4668	3370	0.004266	18.282857142857143	-4.95642032909408	0.57	26.3538	0.57	17.26	1.2370407913791908	-3.25	0.34	1.4741253668998888
78990	3370	0.004266	18.282857142857143	-6.153320329094079	0.57	25.1569	0.57	17.37	1.2397998184470986	-3.18	0.71	1.4741253668998888
2638	3370	0.004266	18.282857142857143	-5.921820329094075	0.51	25.3884	0.51	17.46	1.242044239369551	-3.29	0.55	1.4741253668998888
37156	3370	0.004266	18.282857142857143	-6.198220329094077	0.49	25.112	0.49	17.84	1.2513948500401042	-3.22	0.32	1.4741253668998888
11908	3370	0.004266	18.282857142857143	-7.14842032909408	0.61	24.1618	0.61	18.76	1.2732328340430457	-3.06	1.04	1.4741253668998888
8367	3370	0.004266	18.282857142857143	-6.247420329094076	0.65	25.0628	0.65	18.88	1.27600198996205	-3.13	0.78	1.4741253668998888
44450	3370	0.004266	18.282857142857143	-6.258720329094075	0.47	25.0515	0.47	19.1	1.2810333672477277	-3.23	0.61	1.4741253668998888
5394	3370	0.004266	18.282857142857143	-5.587920329094075	0.6	25.7223	0.6	19.21	1.2835273648616936	-3.31	0.33	1.4741253668998888
21444	3370	0.004266	18.282857142857143	-4.95152032909408	0.92	26.3587	0.92	19.64	1.293141483450931	-3.09	0.7	1.4741253668998888
52086	3370	0.004266	18.282857142857143	-6.322820329094078	0.36	24.9874	0.36	19.91	1.2990712600274095	-3.41	0.05	1.4741253668998888
45559	3370	0.004266	18.282857142857143	-6.097720329094081	0.27	25.2125	0.27	20.2	1.3053513694466237	-3.52	0.1	1.4741253668998888
45280	3370	0.004266	18.282857142857143	-5.804620329094078	0.43	25.5056	0.43	20.27	1.3068537486930087	-3.33	0.18	1.4741253668998888
51454	3370	0.004266	18.282857142857143	-6.707420329094077	0.31	24.6028	0.31	20.51	1.3119656603683663	-3.54	0.11	1.4741253668998888
50670	3370	0.004266	18.282857142857143	-5.668720329094079	0.65	25.6415	0.65	20.52	1.3121773564397787	-3.36	0.49	1.4741253668998888
11992	3370	0.004266	18.282857142857143	-6.199720329094077	0.39	25.1105	0.39	21.78	1.338057875419756	-3.25	0.26	1.4741253668998888
10540	3370	0.004266	18.282857142857143	-6.714620329094075	0.35	24.5956	0.35	21.79	1.3382572302462556	-3.31	0.17	1.4741253668998888
8807	3370	0.004266	18.282857142857143	-5.96072032909408	0.45	25.3495	0.45	23.72	1.375114684692225	-3.08	0.58	1.4741253668998888
47494	3370	0.004266	18.282857142857143	-7.390420329094077	0.45	23.9198	0.45	24.43	1.3879234669734368	-3.23	0.16	1.4741253668998888
23575	3370	0.004266	18.282857142857143	-5.955620329094074	0.23	25.3546	0.23	24.45	1.388278863459639	-3.42	0.13	1.4741253668998888
53228	3370	0.004266	18.282857142857143	-5.6028203290940795	0.24	25.7074	0.24	24.73	1.3932241163612973	-3.57	0.07	1.4741253668998888
23818	3370	0.004266	18.282857142857143	-6.536620329094077	0.53	24.7736	0.53	26.33	1.420450859106068	-3.06	0.66	1.4741253668998888
22838	3370	0.004266	18.282857142857143	-6.560220329094079	0.31	24.75	0.31	26.38	1.4212747912103465	-3.34	0.07	1.4741253668998888
81239	3370	0.004266	18.282857142857143	-6.894920329094077	0.59	24.4153	0.59	26.42	1.4219328132785085	-3.05	0.93	1.4741253668998888
39583	3370	0.004266	18.282857142857143	-7.199720329094077	0.61	24.1105	0.61	26.87	1.4292676664331685	-3.16	0.75	1.4741253668998888
48470	3370	0.004266	18.282857142857143	-6.138920329094077	0.27	25.1713	0.27	27.35	1.4369573306694496	-3.45	0.17	1.4741253668998888
5744	3370	0.004266	18.282857142857143	-6.414820329094077	0.49	24.8954	0.49	27.74	1.443106456737266	-3.17	0.54	1.4741253668998888
51334	3370	0.004266	18.282857142857143	-4.832020329094078	0.62	26.4782	0.62	28.79	1.459241664878082	-3.39	0.26	1.4741253668998888
4531	3370	0.004266	18.282857142857143	-6.34022032909408	0.29	24.97	0.29	29.23	1.4658288153574364	-3.29	0.18	1.4741253668998888
62219	3370	0.004266	18.282857142857143	-6.605320329094077	0.58	24.7049	0.58	29.43	1.468790262099611	-3.11	0.39	1.4741253668998888
46992	3370	0.004266	18.282857142857143	-6.279720329094076	0.68	25.0305	0.68	29.6	1.4712917110589385	-3.28	0.17	1.4741253668998888
51430	3370	0.004266	18.282857142857143	-7.186620329094076	0.23	24.1236	0.23	30.43	1.4833019523581672	-3.38	0.11	1.4741253668998888
27556	3370	0.004266	18.282857142857143	-6.356120329094075	0.23	24.9541	0.23	30.69	1.4869968884318225	-3.3	0.13	1.4741253668998888
19943	3370	0.004266	18.282857142857143	-7.419520329094077	0.81	23.8907	0.81	30.8	1.4885507165004443	-3.03	0.85	1.4741253668998888
13380	3370	0.004266	18.282857142857143	-7.94872032909408	0.79	23.3615	0.79	31.74	1.5016069224188293	-2.95	1.29	1.4741253668998888
15081	3370	0.004266	18.282857142857143	-6.690420329094074	0.26	24.6198	0.26	32.56	1.5126843962171637	-3.2	0.12	1.4741253668998888
18200	3370	0.004266	18.282857142857143	-7.229420329094076	0.42	24.0808	0.42	32.86	1.5166675590990428	-3.12	0.17	1.4741253668998888
26416	3370	0.004266	18.282857142857143	-7.118120329094076	0.5	24.1921	0.5	33.4	1.5237464668115646	-3.02	0.34	1.4741253668998888
52428	3370	0.004266	18.282857142857143	-6.932520329094075	0.2	24.3777	0.2	33.48	1.5247854493212223	-3.46	0.01	1.4741253668998888
31439	3370	0.004266	18.282857142857143	-6.440220329094075	0.34	24.87	0.34	33.49	1.5249151475398668	-3.24	0.24	1.4741253668998888
17886	3370	0.004266	18.282857142857143	-7.472720329094081	0.52	23.8375	0.52	33.56	1.5258219521566627	-2.87	1.48	1.4741253668998888
49211	3370	0.004266	18.282857142857143	-7.133820329094078	0.37	24.1764	0.37	33.57	1.5259513412480126	-3.28	0.2	1.4741253668998888
52279	3370	0.004266	18.282857142857143	-6.476620329094075	0.18	24.8336	0.18	33.69	1.5275010109811202	-3.52	0.03	1.4741253668998888
4345	3370	0.004266	18.282857142857143	-6.986320329094077	0.38	24.3239	0.38	34.07	1.5323721335678775	-3.21	0.28	1.4741253668998888
1320	3370	0.004266	18.282857142857143	-6.93482032909408	0.32	24.3754	0.32	34.58	1.5388249889379038	-3.38	0.15	1.4741253668998888
17969	3370	0.004266	18.282857142857143	-7.359920329094081	0.6	23.9503	0.6	34.71	1.540454613671412	-3.07	0.53	1.4741253668998888
10677	3370	0.004266	18.282857142857143	-6.769420329094075	0.57	24.5408	0.57	35.24	1.5470358997400104	-3.03	0.49	1.4741253668998888
19618	3370	0.004266	18.282857142857143	-6.992220329094074	0.57	24.318	0.57	35.66	1.5521813388393357	-2.9	1.16	1.4741253668998888
22097	3370	0.004266	18.282857142857143	-7.632020329094075	0.52	23.6782	0.52	36.02	1.5565437084835145	-3.05	0.5	1.4741253668998888
50582	3370	0.004266	18.282857142857143	-7.0089203290940745	0.26	24.3013	0.26	36.69	1.5645477117559479	-3.33	0.08	1.4741253668998888
59919	3370	0.004266	18.282857142857143	-6.609220329094079	0.47	24.701	0.47	36.99	1.568084331315394	-3.19	0.33	1.4741253668998888
45614	3370	0.004266	18.282857142857143	-7.1964203290940745	0.34	24.1138	0.34	37.02	1.5684364144168854	-3.14	0.25	1.4741253668998888
21445	3370	0.004266	18.282857142857143	-6.817120329094081	0.23	24.4931	0.23	37.1	1.5693739096150459	-3.32	0.09	1.4741253668998888
16214	3370	0.004266	18.282857142857143	-8.69402032909408	0.39	22.6162	0.39	37.21	1.570659670021534	-3.33	0.06	1.4741253668998888
30965	3370	0.004266	18.282857142857143	-6.799720329094079	0.27	24.5105	0.27	37.28	1.5714759036819437	-3.26	0.2	1.4741253668998888
20306	3370	0.004266	18.282857142857143	-7.101820329094075	0.68	24.2084	0.68	37.28	1.5714759036819437	-2.98	1.02	1.4741253668998888
21506	3370	0.004266	18.282857142857143	-7.211820329094074	0.34	24.0984	0.34	38.54	1.5859117103194342	-3.2	0.09	1.4741253668998888
31251	3370	0.004266	18.282857142857143	-6.887420329094077	0.26	24.4228	0.26	39.29	1.594282028811806	-3.28	0.13	1.4741253668998888
47492	3370	0.004266	18.282857142857143	-7.097620329094077	0.32	24.2126	0.32	39.41	1.595606434865603	-3.25	0.09	1.4741253668998888
18990	3370	0.004266	18.282857142857143	-6.9782203290940785	0.12	24.332	0.12	40.01	1.6021685513789972	-3.44	0.0	1.4741253668998888
20732	3370	0.004266	18.282857142857143	-7.809920329094076	0.37	23.5003	0.37	41.55	1.6185710281201298	-3.14	0.19	1.4741253668998888
9431	3370	0.004266	18.282857142857143	-7.134620329094076	0.36	24.1756	0.36	43.1	1.6344772701607315	-3.11	0.4	1.4741253668998888
6440	3370	0.004266	18.282857142857143	-7.164020329094079	0.45	24.1462	0.45	43.94	1.6428600525844914	-3.14	0.29	1.4741253668998888
85483	3370	0.004266	18.282857142857143	-7.8776203290940785	0.59	23.4326	0.59	44.57	1.6490426340861764	-3.07	0.39	1.4741253668998888
28504	3370	0.004266	18.282857142857143	-7.466420329094078	0.31	23.8438	0.31	44.97	1.6529228875679418	-3.1	0.23	1.4741253668998888
9014	3370	0.004266	18.282857142857143	-6.52942032909408	0.34	24.7808	0.34	45.1	1.6541765418779606	-3.09	0.22	1.4741253668998888
40168	3370	0.004266	18.282857142857143	-7.998420329094074	0.15	23.3118	0.15	45.4	1.657055852857104	-3.36	0.06	1.4741253668998888
5439	3370	0.004266	18.282857142857143	-7.607920329094078	0.25	23.7023	0.25	45.82	1.6610550848533787	-3.17	0.43	1.4741253668998888
46830	3370	0.004266	18.282857142857143	-6.948920329094079	0.35	24.3613	0.35	45.88	1.6616234092292301	-3.22	0.18	1.4741253668998888
46035	3370	0.004266	18.282857142857143	-7.367120329094078	0.19	23.9431	0.19	50.13	1.7000977046130539	-3.41	0.03	1.4741253668998888
28129	3370	0.004266	18.282857142857143	-6.479420329094076	0.72	24.8308	0.72	50.57	1.7038929536325444	-2.93	0.59	1.4741253668998888
5361	3370	0.004266	18.282857142857143	-7.255120329094076	0.33	24.0551	0.33	50.6	1.7041505168397992	-3.18	0.33	1.4741253668998888
28534	3370	0.004266	18.282857142857143	-6.987920329094081	0.41	24.3223	0.41	51.15	1.708845638048179	-3.09	0.23	1.4741253668998888
48903	3370	0.004266	18.282857142857143	-7.348920329094078	0.25	23.9613	0.25	51.68	1.7133225049870278	-3.26	0.11	1.4741253668998888
15864	3370	0.004266	18.282857142857143	-8.048420329094078	0.51	23.2618	0.51	52.41	1.7194141597025934	-2.99	0.24	1.4741253668998888
4367	3370	0.004266	18.282857142857143	-6.4745203290940765	0.39	24.8357	0.39	52.72	1.7219754015859534	-3.22	0.17	1.4741253668998888
13303	3370	0.004266	18.282857142857143	-7.471720329094076	0.24	23.8385	0.24	52.74	1.7221401254574156	-3.25	0.05	1.4741253668998888
1528	3370	0.004266	18.282857142857143	-7.616420329094076	0.17	23.6938	0.17	60.68	1.783045572114693	-3.37	0.08	1.4741253668998888
5501	3370	0.004266	18.282857142857143	-8.116820329094075	0.29	23.1934	0.29	62.7	1.7972675408307164	-3.17	0.26	1.4741253668998888
6706	3370	0.004266	18.282857142857143	-7.593820329094079	0.28	23.7164	0.28	64.79	1.8115079799453266	-3.16	0.12	1.4741253668998888
7014	3370	0.004266	18.282857142857143	-8.068920329094077	0.28	23.2413	0.28	66.71	1.8241909406525831	-3.21	0.09	1.4741253668998888
33669	3370	0.004266	18.282857142857143	-7.88602032909408	0.35	23.4242	0.35	67.23	1.8275631112547237	-2.94	0.37	1.4741253668998888
9063	3370	0.004266	18.282857142857143	-7.798220329094079	0.24	23.512	0.24	68.9	1.8382192219076259	-3.08	0.14	1.4741253668998888
22612	3370	0.004266	18.282857142857143	-8.05252032909408	0.19	23.2577	0.19	69.35	1.8410464654093037	-3.17	0.14	1.4741253668998888
29662	3370	0.004266	18.282857142857143	-7.869220329094077	0.22	23.441	0.22	71.52	1.8544275057878612	-3.12	0.19	1.4741253668998888
22718	3370	0.004266	18.282857142857143	-8.089220329094076	0.32	23.221	0.32	73.36	1.8654593226619647	-3.07	0.14	1.4741253668998888
1454	3370	0.004266	18.282857142857143	-7.859620329094078	0.15	23.4506	0.15	79.26	1.899054067998171	-3.37	0.07	1.4741253668998888
33346	3370	0.004266	18.282857142857143	-7.635120329094079	0.6	23.6751	0.6	80.84	1.9076263048432665	-2.9	0.17	1.4741253668998888
33195	3370	0.004266	18.282857142857143	-7.8802203290940795	0.13	23.43	0.13	81.04	1.908699432352224	-3.28	0.05	1.4741253668998888
4471	3370	0.004266	18.282857142857143	-8.066520329094075	0.18	23.2437	0.18	83.28	1.9205407165024797	-3.22	0.04	1.4741253668998888
22098	3370	0.004266	18.282857142857143	-8.10072032909408	0.27	23.2095	0.27	86.33	1.9361617409111576	-3.06	0.1	1.4741253668998888
3205	3370	0.004266	18.282857142857143	-8.10842032909408	0.13	23.2018	0.13	88.25	1.94571471405986	-3.34	0.0	1.4741253668998888
31067	3370	0.004266	18.282857142857143	-7.04762032909408	0.71	24.2626	0.71	88.54	1.9471395176428292	-2.83	1.12	1.4741253668998888
48741	3370	0.004266	18.282857142857143	-7.95792032909408	0.13	23.3523	0.13	96.48	1.984437294796076	-3.25	0.05	1.4741253668998888
8038	3370	0.004266	18.282857142857143	-8.407120329094077	0.12	22.9031	0.12	96.82	1.9859650783048708	-3.24	0.02	1.4741253668998888
17501	3370	0.004266	18.282857142857143	-7.958920329094077	0.41	23.3513	0.41	98.72	1.9944051466891664	-2.98	0.17	1.4741253668998888
10587	3982	0.003699	15.852857142857143	-5.903137730104	0.52	25.0974	0.52	16.58	1.2195845262142546	-3.25	0.33	1.4741253668998888
32275	3982	0.003699	15.852857142857143	-4.845937730103998	0.75	26.1546	0.75	16.98	1.2299376859079338	-3.13	1.19	1.4741253668998888
54537	3982	0.003699	15.852857142857143	-5.564937730103999	0.51	25.4356	0.51	17.02	1.230959555748569	-3.18	0.49	1.4741253668998888
12797	3982	0.003699	15.852857142857143	-6.671537730103999	0.43	24.329	0.43	18.15	1.2588766293721312	-3.28	0.35	1.4741253668998888
68254	3982	0.003699	15.852857142857143	-5.977237730104001	0.25	25.0233	0.25	18.29	1.2622137054764169	-3.49	0.1	1.4741253668998888
15318	3982	0.003699	15.852857142857143	-7.743537730103995	0.5	23.257	0.5	18.51	1.2674064187529042	-3.12	0.64	1.4741253668998888
64179	3982	0.003699	15.852857142857143	-6.008237730104	0.48	24.9923	0.48	18.75	1.2730012720637376	-3.28	0.53	1.4741253668998888
19463	3982	0.003699	15.852857142857143	-6.113037730103997	0.19	24.8875	0.19	18.94	1.2773799746672547	-3.64	0.05	1.4741253668998888
73388	3982	0.003699	15.852857142857143	-6.103637730103998	0.24	24.8969	0.24	19.62	1.2926990030439298	-3.74	0.11	1.4741253668998888
48062	3982	0.003699	15.852857142857143	-6.014737730103995	0.56	24.9858	0.56	20.84	1.318897714627487	-2.96	1.42	1.4741253668998888
35102	3982	0.003699	15.852857142857143	-6.699537730103998	0.46	24.301	0.46	21.38	1.330007700872759	-3.02	0.8	1.4741253668998888
16746	3982	0.003699	15.852857142857143	-6.271037730103998	0.35	24.7295	0.35	21.46	1.3316297176299323	-3.36	0.12	1.4741253668998888
20027	3982	0.003699	15.852857142857143	-5.830537730103998	0.52	25.17	0.52	22.73	1.3565994357249709	-3.03	0.92	1.4741253668998888
85628	3982	0.003699	15.852857142857143	-6.7777377301040005	0.48	24.2228	0.48	23.58	1.3725438007590702	-3.08	0.65	1.4741253668998888
40688	3982	0.003699	15.852857142857143	-6.113137730104	0.51	24.8874	0.51	23.69	1.374565060722765	-3.22	0.29	1.4741253668998888
51886	3982	0.003699	15.852857142857143	-6.401537730103996	0.18	24.599	0.18	24.55	1.3900514964589872	-3.64	0.01	1.4741253668998888
65962	3982	0.003699	15.852857142857143	-4.923137730103996	0.59	26.0774	0.59	24.58	1.3905818785504354	-3.3	0.19	1.4741253668998888
57905	3982	0.003699	15.852857142857143	-5.859337730103995	0.41	25.1412	0.41	25.24	1.4020893505720966	-3.12	0.74	1.4741253668998888
86821	3982	0.003699	15.852857142857143	-5.958037730103996	0.65	25.0425	0.65	25.36	1.404149249209695	-2.9	1.44	1.4741253668998888
21186	3982	0.003699	15.852857142857143	-7.260637730104001	0.42	23.7399	0.42	26.78	1.4278105726759902	-3.06	0.46	1.4741253668998888
49777	3982	0.003699	15.852857142857143	-5.664437730103998	0.89	25.3361	0.89	27.33	1.4366396316926606	-2.95	1.25	1.4741253668998888
65677	3982	0.003699	15.852857142857143	-8.765337730104001	0.15	22.2352	0.15	28.58	1.4560622244549515	-3.56	0.02	1.4741253668998888
35316	3982	0.003699	15.852857142857143	-6.722537730104001	0.45	24.278	0.45	29.03	1.4628470358316736	-3.16	0.62	1.4741253668998888
72633	3982	0.003699	15.852857142857143	-5.783837730103997	0.28	25.2167	0.28	32.52	1.5121505369220305	-3.68	0.0	1.4741253668998888
39405	3982	0.003699	15.852857142857143	-8.098037730103997	0.36	22.9025	0.36	33.84	1.529430354366986	-3.19	0.2	1.4741253668998888
10406	3982	0.003699	15.852857142857143	-6.7130377301039985	0.16	24.2875	0.16	34.2	1.534026106056135	-3.43	0.03	1.4741253668998888
21055	3982	0.003699	15.852857142857143	-7.0207377301039955	0.24	23.9798	0.24	37.34	1.5721743136130595	-3.24	0.11	1.4741253668998888
16117	3982	0.003699	15.852857142857143	-7.089737730103998	0.36	23.9108	0.36	37.99	1.5796692935547203	-3.07	0.26	1.4741253668998888
10837	3982	0.003699	15.852857142857143	-7.261537730103996	0.26	23.739	0.26	38.47	1.5851221863068155	-3.23	0.07	1.4741253668998888
69280	3982	0.003699	15.852857142857143	-7.098437730103996	0.12	23.9021	0.12	38.68	1.5874864654109642	-3.72	0.02	1.4741253668998888
17690	3982	0.003699	15.852857142857143	-5.937437730104001	0.58	25.0631	0.58	39.19	1.5931752634781027	-3.02	0.56	1.4741253668998888
82298	3982	0.003699	15.852857142857143	-6.926737730104001	0.25	24.0738	0.25	40.31	1.6054127981530513	-3.28	0.17	1.4741253668998888
67799	3982	0.003699	15.852857142857143	-6.8746377301039985	0.12	24.1259	0.12	40.44	1.6068111469189634	-3.54	0.0	1.4741253668998888
10346	3982	0.003699	15.852857142857143	-7.4112377301039984	0.21	23.5893	0.21	40.44	1.6068111469189634	-3.28	0.07	1.4741253668998888
32060	3982	0.003699	15.852857142857143	-6.487137730103996	0.58	24.5134	0.58	40.72	1.6098077693287023	-3.01	0.54	1.4741253668998888
72603	3982	0.003699	15.852857142857143	-7.427737730103999	0.13	23.5728	0.13	51.61	1.712733859069952	-3.68	0.0	1.4741253668998888
89486	3982	0.003699	15.852857142857143	-8.081337730103996	0.4	22.9192	0.4	62.44	1.7954628943903799	-2.98	0.44	1.4741253668998888
12402	3982	0.003699	15.852857142857143	-8.350537730104001	0.28	22.65	0.28	72.36	1.859498558187776	-3.18	0.02	1.4741253668998888
16026	3021	0.00514	22.028571428571425	-5.4206316685034075	0.46	26.2943	0.46	12.22	1.0870712059065355	-3.61	0.32	1.4741253668998888
34830	3021	0.00514	22.028571428571425	-5.9957316685034066	0.59	25.7192	0.59	13.39	1.126780577012009	-3.25	0.55	1.4741253668998888
39653	3021	0.00514	22.028571428571425	-5.569631668503408	0.48	26.1453	0.48	14.07	1.1482940974347458	-3.68	0.27	1.4741253668998888
73085	3021	0.00514	22.028571428571425	-5.1839316685034085	0.65	26.531	0.65	14.56	1.1631613749770184	-3.61	0.12	1.4741253668998888
71145	3021	0.00514	22.028571428571425	-7.1096316685034076	0.36	24.6053	0.36	16.12	1.2073650374690719	-3.27	0.26	1.4741253668998888
64603	3021	0.00514	22.028571428571425	-5.955631668503408	0.75	25.7593	0.75	16.28	1.2116544005531824	-2.99	1.24	1.4741253668998888
29320	3021	0.00514	22.028571428571425	-6.354231668503406	0.69	25.3607	0.69	18.68	1.2713768718940746	-3.1	1.29	1.4741253668998888
26176	3021	0.00514	22.028571428571425	-6.454231668503407	0.39	25.2607	0.39	19.47	1.2893659515200318	-3.33	0.33	1.4741253668998888
54363	3021	0.00514	22.028571428571425	-5.288231668503407	0.76	26.4267	0.76	20.45	1.3106933123433606	-3.2	0.61	1.4741253668998888
42349	3021	0.00514	22.028571428571425	-6.950631668503409	0.44	24.7643	0.44	20.56	1.3130231103232382	-2.9	1.46	1.4741253668998888
35001	3021	0.00514	22.028571428571425	-6.628531668503406	0.6	25.0864	0.6	20.99	1.3220124385824004	-3.23	0.73	1.4741253668998888
70351	3021	0.00514	22.028571428571425	-7.662131668503406	0.56	24.0528	0.56	22.57	1.3535315590777621	-3.18	0.49	1.4741253668998888
73805	3021	0.00514	22.028571428571425	-6.4206316685034075	0.2	25.2943	0.2	22.9	1.359835482339888	-3.56	-0.0	1.4741253668998888
69513	3021	0.00514	22.028571428571425	-7.412631668503408	0.44	24.3023	0.44	23.98	1.37984917876283	-3.12	0.41	1.4741253668998888
70368	3021	0.00514	22.028571428571425	-6.046031668503407	0.41	25.6689	0.41	25.14	1.400365273349939	-3.32	0.06	1.4741253668998888
60391	3021	0.00514	22.028571428571425	-7.177531668503406	0.31	24.5374	0.31	28.67	1.4574276929464844	-3.24	0.11	1.4741253668998888
31450	3021	0.00514	22.028571428571425	-7.701931668503406	0.54	24.013	0.54	31.64	1.500236474825639	-3.02	0.69	1.4741253668998888
54600	3021	0.00514	22.028571428571425	-7.267531668503409	0.47	24.4474	0.47	32.59	1.5130843604651443	-3.08	0.27	1.4741253668998888
66191	3021	0.00514	22.028571428571425	-6.228831668503407	0.24	25.4861	0.24	32.66	1.5140161804006493	-3.64	0.04	1.4741253668998888
57991	3021	0.00514	22.028571428571425	-7.059631668503407	0.62	24.6553	0.62	35.43	1.5493711523331772	-2.82	0.49	1.4741253668998888
68742	3021	0.00514	22.028571428571425	-7.008531668503409	0.29	24.7064	0.29	36.73	1.5650209283452938	-3.17	0.19	1.4741253668998888
94290	3021	0.00514	22.028571428571425	-7.0700316685034075	0.73	24.6449	0.73	37.11	1.5694909543487832	-3.07	0.86	1.4741253668998888
59774	3021	0.00514	22.028571428571425	-7.532131668503407	0.32	24.1828	0.32	39.19	1.5931752634781027	-3.21	0.27	1.4741253668998888
32262	3021	0.00514	22.028571428571425	-7.991531668503406	0.55	23.7234	0.55	44.79	1.6511810624446879	-2.98	0.57	1.4741253668998888
34624	3021	0.00514	22.028571428571425	-8.144931668503407	0.59	23.57	0.59	48.27	1.683677298818692	-3.07	0.38	1.4741253668998888
101986	3021	0.00514	22.028571428571425	-7.506931668503409	0.53	24.208	0.53	56.24	1.7500453120117676	-2.97	0.7	1.4741253668998888
26664	3021	0.00514	22.028571428571425	-7.6965316685034075	0.26	24.0184	0.26	58.58	1.7677493673455797	-3.33	0.05	1.4741253668998888
38746	3021	0.00514	22.028571428571425	-8.867031668503408	0.52	22.8479	0.52	74.77	1.8737273806466794	-3.04	0.27	1.4741253668998888
61619	3021	0.00514	22.028571428571425	-8.122331668503406	0.38	23.5926	0.38	81.02	1.9085922388475693	-2.9	0.36	1.4741253668998888
33806	3021	0.00514	22.028571428571425	-8.311631668503406	0.49	23.4033	0.49	108.3	2.0346284566253203	-2.92	0.39	1.4741253668998888
21599	1309	0.007125	30.535714285714285	-5.686940416929765	0.51	26.7371	0.51	20.93	1.3207692283386865	-3.3	0.04	1.4741253668998888
9778	1309	0.007125	30.535714285714285	-7.555940416929769	0.32	24.8681	0.32	21.98	1.3420276880874717	-3.21	0.13	1.4741253668998888
8610	1309	0.007125	30.535714285714285	-6.822840416929768	0.66	25.6012	0.66	23.22	1.365862215402555	-2.9	1.1	1.4741253668998888
6631	1309	0.007125	30.535714285714285	-7.897740416929768	0.34	24.5263	0.34	24.81	1.394626764272209	-3.24	0.06	1.4741253668998888
6737	1309	0.007125	30.535714285714285	-6.911040416929765	0.59	25.513	0.59	25.45	1.4056877866727775	-3.23	0.38	1.4741253668998888
44606	1309	0.007125	30.535714285714285	-5.939840416929766	0.63	26.4842	0.63	25.84	1.4122925093230465	-3.17	0.86	1.4741253668998888
41542	1309	0.007125	30.535714285714285	-7.9897404169297666	0.53	24.4343	0.53	27.71	1.4426365257822318	-3.02	1.21	1.4741253668998888
2343	1309	0.007125	30.535714285714285	-8.040040416929767	0.23	24.384	0.23	29.61	1.4714384073892992	-3.14	0.18	1.4741253668998888
23076	1309	0.007125	30.535714285714285	-7.790240416929766	0.49	24.6338	0.49	30.66	1.4865721505183564	-3.0	0.38	1.4741253668998888
7224	1309	0.007125	30.535714285714285	-6.730240416929767	0.78	25.6938	0.78	30.9	1.4899584794248346	-3.3	0.83	1.4741253668998888
50024	1309	0.007125	30.535714285714285	-8.074040416929765	0.38	24.35	0.38	31.69	1.5009222391903005	-3.21	0.26	1.4741253668998888
59151	1309	0.007125	30.535714285714285	-8.305940416929769	0.32	24.1181	0.32	32.61	1.513350798805957	-3.26	0.17	1.4741253668998888
60583	1309	0.007125	30.535714285714285	-6.851240416929766	0.66	25.5728	0.66	32.95	1.5178554189300286	-2.87	0.86	1.4741253668998888
4322	1309	0.007125	30.535714285714285	-7.365940416929767	0.23	25.0581	0.23	33.25	1.5217916496391235	-3.26	0.03	1.4741253668998888
3108	1309	0.007125	30.535714285714285	-7.293340416929766	0.3	25.1307	0.3	33.71	1.527758752520972	-3.2	0.1	1.4741253668998888
9099	1309	0.007125	30.535714285714285	-8.108740416929766	0.72	24.3153	0.72	33.74	1.5281450782531065	-2.9	0.9	1.4741253668998888
30771	1309	0.007125	30.535714285714285	-8.639740416929765	0.17	23.7843	0.17	33.74	1.5281450782531065	-3.43	0.03	1.4741253668998888
14063	1309	0.007125	30.535714285714285	-8.015140416929768	0.35	24.4089	0.35	34.07	1.5323721335678775	-2.9	0.94	1.4741253668998888
59846	1309	0.007125	30.535714285714285	-8.373840416929767	0.67	24.0502	0.67	35.12	1.5455545072340648	-2.89	1.03	1.4741253668998888
7868	1309	0.007125	30.535714285714285	-7.2138404169297665	0.35	25.2102	0.35	36.17	1.5583485087616198	-3.15	0.17	1.4741253668998888
7989	1309	0.007125	30.535714285714285	-8.238940416929768	0.26	24.1851	0.26	39.41	1.595606434865603	-3.15	0.05	1.4741253668998888
27980	1309	0.007125	30.535714285714285	-7.802740416929765	0.6	24.6213	0.6	39.92	1.6011905326153335	-3.07	0.52	1.4741253668998888
52975	1309	0.007125	30.535714285714285	-7.165640416929765	0.17	25.2584	0.17	40.52	1.607669436688243	-3.44	0.03	1.4741253668998888
7994	1309	0.007125	30.535714285714285	-7.438940416929768	0.61	24.9851	0.61	40.68	1.609380944250707	-3.19	0.45	1.4741253668998888
1166	1309	0.007125	30.535714285714285	-7.755040416929766	0.21	24.669	0.21	41.11	1.6139474767803497	-3.18	0.08	1.4741253668998888
76534	1309	0.007125	30.535714285714285	-7.128240416929767	0.77	25.2958	0.77	41.86	1.6217992240026677	-2.91	1.45	1.4741253668998888
22918	1309	0.007125	30.535714285714285	-8.480240416929767	0.43	23.9438	0.43	42.03	1.623559390005437	-3.01	0.45	1.4741253668998888
2032	1309	0.007125	30.535714285714285	-8.269240416929765	0.24	24.1548	0.24	42.53	1.6286953827140234	-3.15	0.05	1.4741253668998888
48747	1309	0.007125	30.535714285714285	-7.812540416929767	0.16	24.6115	0.16	42.68	1.6302244107524322	-3.37	0.03	1.4741253668998888
67393	1309	0.007125	30.535714285714285	-7.762540416929767	0.67	24.6615	0.67	42.74	1.6308345178280506	-2.77	1.08	1.4741253668998888
58298	1309	0.007125	30.535714285714285	-7.869740416929766	0.21	24.5543	0.21	43.52	1.6386888866901235	-3.25	0.05	1.4741253668998888
7331	1309	0.007125	30.535714285714285	-7.907240416929767	0.81	24.5168	0.81	44.58	1.6491400641442189	-2.92	0.98	1.4741253668998888
1732	1309	0.007125	30.535714285714285	-7.989240416929768	0.21	24.4348	0.21	45.0	1.6532125137753437	-3.16	0.07	1.4741253668998888
19368	1309	0.007125	30.535714285714285	-6.497940416929765	0.67	25.9261	0.67	45.25	1.655618583541222	-3.0	0.38	1.4741253668998888
49584	1309	0.007125	30.535714285714285	-6.993840416929768	0.58	25.4302	0.58	45.67	1.6596310116070006	-3.17	0.52	1.4741253668998888
16143	1309	0.007125	30.535714285714285	-7.784040416929766	0.37	24.64	0.37	46.74	1.6696887080562082	-3.03	0.37	1.4741253668998888
15346	1309	0.007125	30.535714285714285	-8.576140416929768	0.54	23.8479	0.54	46.85	1.6707095952237971	-2.96	0.31	1.4741253668998888
52566	1309	0.007125	30.535714285714285	-7.941340416929766	0.38	24.4827	0.38	47.41	1.6758699553189567	-3.3	0.16	1.4741253668998888
52170	1309	0.007125	30.535714285714285	-7.927640416929766	0.35	24.4964	0.35	47.99	1.6811507499324214	-3.27	0.24	1.4741253668998888
4882	1309	0.007125	30.535714285714285	-7.491540416929766	0.19	24.9325	0.19	48.91	1.6893976628212823	-3.22	0.0	1.4741253668998888
68817	1309	0.007125	30.535714285714285	-7.5313404169297655	0.57	24.8927	0.57	49.93	1.6983615660551097	-2.89	0.78	1.4741253668998888
15318	1309	0.007125	30.535714285714285	-8.025640416929768	0.18	24.3984	0.18	51.45	1.7113853790984517	-3.16	0.05	1.4741253668998888
71911	1309	0.007125	30.535714285714285	-7.835640416929767	0.69	24.5884	0.69	51.99	1.7159198174335795	-2.93	0.72	1.4741253668998888
28132	1309	0.007125	30.535714285714285	-7.412240416929766	0.65	25.0118	0.65	52.24	1.7180031682670176	-3.0	0.5	1.4741253668998888
6581	1309	0.007125	30.535714285714285	-8.137940416929766	0.2	24.2861	0.2	58.98	1.7707047682157793	-3.18	0.07	1.4741253668998888
6542	1309	0.007125	30.535714285714285	-8.303040416929768	0.21	24.121	0.21	59.12	1.7717344253867693	-3.21	0.04	1.4741253668998888
53187	1309	0.007125	30.535714285714285	-7.807740416929768	0.29	24.6163	0.29	59.75	1.7763379096201752	-3.32	0.11	1.4741253668998888
69494	1309	0.007125	30.535714285714285	-8.461240416929765	0.33	23.9628	0.33	60.17	1.7793800114916558	-3.03	0.26	1.4741253668998888
19918	1309	0.007125	30.535714285714285	-7.796140416929767	0.36	24.6279	0.36	64.94	1.8125122842899826	-3.02	0.22	1.4741253668998888
64757	1309	0.007125	30.535714285714285	-8.850940416929767	0.37	23.5731	0.37	65.02	1.8130469651601078	-2.99	0.18	1.4741253668998888
13102	1309	0.007125	30.535714285714285	-8.030240416929768	0.26	24.3938	0.26	66.34	1.8217754671834636	-3.07	0.19	1.4741253668998888
45088	1309	0.007125	30.535714285714285	-8.303840416929766	0.56	24.1202	0.56	71.4	1.8536982117761744	-3.12	0.32	1.4741253668998888
3836	1309	0.007125	30.535714285714285	-8.510740416929767	0.17	23.9133	0.17	73.27	1.8649261915390054	-3.1	0.07	1.4741253668998888
7702	1309	0.007125	30.535714285714285	-8.656640416929768	0.22	23.7674	0.22	73.76	1.867820908045573	-3.26	0.02	1.4741253668998888
23616	1309	0.007125	30.535714285714285	-8.453040416929767	0.12	23.971	0.12	82.13	1.914501822827314	-3.33	0.01	1.4741253668998888
4908	1309	0.007125	30.535714285714285	-8.827640416929768	0.27	23.5964	0.27	97.89	1.9907383285075373	-2.98	0.08	1.4741253668998888
835998	5584	0.005464	23.417142857142856	-8.743469526894408	0.14	23.1042	0.14	97.75	1.9901167660679044	-3.19	0.02	1.4741253668998888
625643	5584	0.005464	23.417142857142856	-8.217369526894409	0.23	23.6303	0.23	93.91	1.9727118405470665	-3.15	0.08	1.4741253668998888
414458	5584	0.005464	23.417142857142856	-9.100869526894408	0.21	22.7468	0.21	91.51	1.9614685553507865	-3.12	0.05	1.4741253668998888
325718	5584	0.005464	23.417142857142856	-9.13506952689441	0.18	22.7126	0.18	88.51	1.9469923407483722	-3.2	0.06	1.4741253668998888
449432	5584	0.005464	23.417142857142856	-8.879969526894406	0.23	22.9677	0.23	84.69	1.9278321328665817	-3.17	0.06	1.4741253668998888
735368	5584	0.005464	23.417142857142856	-9.14456952689441	0.16	22.7031	0.16	81.35	1.9103575572728775	-3.26	0.05	1.4741253668998888
395114	5584	0.005464	23.417142857142856	-8.46246952689441	0.23	23.3852	0.23	81.19	1.9095025414054154	-3.05	0.12	1.4741253668998888
172880	5584	0.005464	23.417142857142856	-9.17196952689441	0.16	22.6757	0.16	79.48	1.9002578584377776	-3.27	0.07	1.4741253668998888
354807	5584	0.005464	23.417142857142856	-8.49736952689441	0.2	23.3503	0.2	75.26	1.8765642139838457	-3.08	0.07	1.4741253668998888
200686	5584	0.005464	23.417142857142856	-8.777069526894408	0.2	23.0706	0.2	74.8	1.8739015978644613	-3.24	0.08	1.4741253668998888
801059	5584	0.005464	23.417142857142856	-8.824069526894412	0.17	23.0236	0.17	71.46	1.8540630118664212	-3.14	0.09	1.4741253668998888
781327	5584	0.005464	23.417142857142856	-7.62536952689441	0.38	24.2223	0.38	68.17	1.8335932939984563	-3.04	0.2	1.4741253668998888
1028620	5584	0.005464	23.417142857142856	-8.629169526894408	0.14	23.2185	0.14	65.82	1.8183578779583547	-3.3	0.07	1.4741253668998888
325206	5584	0.005464	23.417142857142856	-8.319669526894408	0.19	23.528	0.19	64.08	1.8067225030761813	-3.13	0.08	1.4741253668998888
185292	5584	0.005464	23.417142857142856	-8.326669526894406	0.25	23.521	0.25	63.11	1.8000981801747757	-3.3	0.07	1.4741253668998888
715226	5584	0.005464	23.417142857142856	-8.048669526894408	0.34	23.799	0.34	60.54	1.7820424166205542	-2.99	0.16	1.4741253668998888
607520	5584	0.005464	23.417142857142856	-8.54276952689441	0.24	23.3049	0.24	60.04	1.7784406835712327	-3.13	0.14	1.4741253668998888
758598	5584	0.005464	23.417142857142856	-7.339669526894411	0.43	24.508	0.43	58.78	1.7692295817365937	-3.05	0.21	1.4741253668998888
628911	5584	0.005464	23.417142857142856	-8.32996952689441	0.29	23.5177	0.29	57.83	1.7621531923035947	-3.13	0.24	1.4741253668998888
770520	5584	0.005464	23.417142857142856	-9.13526952689441	0.14	22.7124	0.14	57.73	1.761401557498631	-3.3	0.04	1.4741253668998888
111577	5584	0.005464	23.417142857142856	-8.577169526894409	0.23	23.2705	0.23	56.72	1.7537362221750101	-3.33	0.12	1.4741253668998888
823580	5584	0.005464	23.417142857142856	-8.725269526894408	0.23	23.1224	0.23	56.17	1.7495044238761424	-3.09	0.06	1.4741253668998888
473829	5584	0.005464	23.417142857142856	-8.545869526894407	0.26	23.3018	0.26	55.13	1.741387992479269	-3.18	0.1	1.4741253668998888
673309	5584	0.005464	23.417142857142856	-8.85376952689441	0.2	22.9939	0.2	53.56	1.7288405683399715	-3.16	0.13	1.4741253668998888
549082	5584	0.005464	23.417142857142856	-8.12816952689441	0.33	23.7195	0.33	52.16	1.7173375827238637	-2.91	0.28	1.4741253668998888
502797	5584	0.005464	23.417142857142856	-8.67736952689441	0.24	23.1703	0.24	51.92	1.715334683792313	-3.0	0.17	1.4741253668998888
858989	5584	0.005464	23.417142857142856	-9.222769526894409	0.2	22.6249	0.2	51.77	1.714078164981856	-3.13	0.09	1.4741253668998888
766511	5584	0.005464	23.417142857142856	-7.75506952689441	0.23	24.0926	0.23	49.35	1.6932871570056556	-3.32	0.08	1.4741253668998888
775000	5584	0.005464	23.417142857142856	-8.49266952689441	0.27	23.355	0.27	47.94	1.680698029697635	-3.23	0.15	1.4741253668998888
891587	5584	0.005464	23.417142857142856	-8.48816952689441	0.21	23.3595	0.21	47.86	1.6799726942774185	-3.14	0.14	1.4741253668998888
1031570	5584	0.005464	23.417142857142856	-8.124569526894412	0.17	23.7231	0.17	47.05	1.6725596277632757	-3.3	0.1	1.4741253668998888
478350	5584	0.005464	23.417142857142856	-7.995269526894411	0.29	23.8524	0.29	46.75	1.6697816152085365	-3.06	0.16	1.4741253668998888
781586	5584	0.005464	23.417142857142856	-7.734169526894412	0.36	24.1135	0.36	46.66	1.6689447344577337	-3.03	0.36	1.4741253668998888
455911	5584	0.005464	23.417142857142856	-6.9591695268944065	0.54	24.8885	0.54	46.1	1.6637009253896482	-3.16	0.27	1.4741253668998888
295981	5584	0.005464	23.417142857142856	-7.998969526894406	0.21	23.8487	0.21	45.66	1.6595359071542164	-3.15	0.11	1.4741253668998888
347072	5584	0.005464	23.417142857142856	-9.16256952689441	0.35	22.6851	0.35	44.98	1.6530194510996135	-3.17	0.27	1.4741253668998888
97566	5584	0.005464	23.417142857142856	-8.589869526894411	0.26	23.2578	0.26	43.49	1.638389407665336	-3.35	0.14	1.4741253668998888
411135	5584	0.005464	23.417142857142856	-8.061769526894409	0.38	23.7859	0.38	43.46	1.6380897219845056	-3.03	0.25	1.4741253668998888
715986	5584	0.005464	23.417142857142856	-7.986269526894411	0.32	23.8614	0.32	42.45	1.6278776945799716	-3.15	0.14	1.4741253668998888
374736	5584	0.005464	23.417142857142856	-8.166369526894407	0.44	23.6813	0.44	41.52	1.6182573448404014	-3.12	0.36	1.4741253668998888
238461	5584	0.005464	23.417142857142856	-7.751169526894408	0.46	24.0965	0.46	39.16	1.5928426831311002	-3.21	0.13	1.4741253668998888
571414	5584	0.005464	23.417142857142856	-8.246369526894412	0.31	23.6013	0.31	39.16	1.5928426831311002	-3.07	0.28	1.4741253668998888
1003920	5584	0.005464	23.417142857142856	-8.376369526894408	0.31	23.4713	0.31	39.01	1.5911759503117913	-3.3	0.21	1.4741253668998888
545366	5584	0.005464	23.417142857142856	-6.898469526894409	0.46	24.9492	0.46	38.81	1.588943642740015	-3.02	0.16	1.4741253668998888
727892	5584	0.005464	23.417142857142856	-7.535869526894409	0.29	24.3118	0.29	38.65	1.5871494982543437	-3.28	0.24	1.4741253668998888
449157	5584	0.005464	23.417142857142856	-7.513069526894412	0.55	24.3346	0.55	38.49	1.585347911094591	-3.0	0.43	1.4741253668998888
513827	5584	0.005464	23.417142857142856	-8.52326952689441	0.48	23.3244	0.48	38.2	1.5820633629117087	-2.91	0.36	1.4741253668998888
605531	5584	0.005464	23.417142857142856	-7.508669526894408	0.41	24.339	0.41	38.07	1.5805828768143673	-3.06	0.2	1.4741253668998888
550433	5584	0.005464	23.417142857142856	-8.07786952689441	0.19	23.7698	0.19	38.04	1.5802405082653763	-3.34	0.07	1.4741253668998888
1015180	5584	0.005464	23.417142857142856	-8.107669526894412	0.26	23.74	0.26	37.17	1.570192561095726	-3.28	0.11	1.4741253668998888
606041	5584	0.005464	23.417142857142856	-8.360269526894406	0.32	23.4874	0.32	36.88	1.5667909123815917	-3.17	0.24	1.4741253668998888
738261	5584	0.005464	23.417142857142856	-7.776569526894406	0.48	24.0711	0.48	36.54	1.562768543016519	-3.02	0.36	1.4741253668998888
390652	5584	0.005464	23.417142857142856	-7.9502695268944095	0.49	23.8974	0.49	36.48	1.5620548296563785	-3.14	0.22	1.4741253668998888
421192	5584	0.005464	23.417142857142856	-8.394569526894408	0.38	23.4531	0.38	36.29	1.5597869682005565	-3.02	0.11	1.4741253668998888
253461	5584	0.005464	23.417142857142856	-7.865269526894409	0.6	23.9824	0.6	36.27	1.5595475555804343	-3.23	0.54	1.4741253668998888
200467	5584	0.005464	23.417142857142856	-7.491669526894405	0.35	24.356	0.35	35.85	1.5544891600038189	-3.27	0.28	1.4741253668998888
208725	5584	0.005464	23.417142857142856	-7.4894695268944105	0.44	24.3582	0.44	35.13	1.5456781497920256	-3.27	0.31	1.4741253668998888
493790	5584	0.005464	23.417142857142856	-7.321769526894407	0.6	24.5259	0.6	34.44	1.537063142781617	-2.95	0.53	1.4741253668998888
267902	5584	0.005464	23.417142857142856	-6.202069526894405	0.65	25.6456	0.65	33.47	1.524655712357777	-3.22	0.62	1.4741253668998888
644384	5584	0.005464	23.417142857142856	-6.632569526894407	0.69	25.2151	0.69	33.11	1.5199591807520685	-3.17	0.23	1.4741253668998888
220248	5584	0.005464	23.417142857142856	-7.788169526894407	0.28	24.0595	0.28	31.36	1.496376054012401	-3.23	0.09	1.4741253668998888
811974	5584	0.005464	23.417142857142856	-7.94406952689441	0.37	23.9036	0.37	31.06	1.4922014513925397	-3.24	0.14	1.4741253668998888
918325	5584	0.005464	23.417142857142856	-7.627169526894406	0.31	24.2205	0.31	30.5	1.4842998393467859	-3.19	0.14	1.4741253668998888
521128	5584	0.005464	23.417142857142856	-7.8363695268944085	0.4	24.0113	0.4	30.46	1.4837298990000238	-2.98	0.44	1.4741253668998888
464626	5584	0.005464	23.417142857142856	-7.703769526894412	0.36	24.1439	0.36	30.31	1.4815859363676223	-3.1	0.28	1.4741253668998888
378235	5584	0.005464	23.417142857142856	-7.629169526894408	0.19	24.2185	0.19	30.17	1.4795753101749884	-3.41	0.09	1.4741253668998888
418643	5584	0.005464	23.417142857142856	-8.304569526894412	0.3	23.5431	0.3	30.1	1.4785664955938433	-3.1	0.32	1.4741253668998888
511109	5584	0.005464	23.417142857142856	-7.566369526894405	0.44	24.2813	0.44	30.0	1.4771212547196624	-2.96	0.55	1.4741253668998888
466137	5584	0.005464	23.417142857142856	-7.805569526894409	0.55	24.0421	0.55	29.6	1.4712917110589385	-3.04	0.26	1.4741253668998888
1073820	5584	0.005464	23.417142857142856	-8.429669526894408	0.21	23.418	0.21	29.51	1.4699692094999595	-3.34	-0.1	1.4741253668998888
412396	5584	0.005464	23.417142857142856	-7.511569526894412	0.66	24.3361	0.66	28.87	1.4604467838807205	-3.09	0.46	1.4741253668998888
230093	5584	0.005464	23.417142857142856	-7.915269526894406	0.37	23.9324	0.37	28.36	1.4527062265110289	-3.21	0.29	1.4741253668998888
504490	5584	0.005464	23.417142857142856	-7.759269526894407	0.51	24.0884	0.51	28.31	1.4519398693651029	-2.92	0.56	1.4741253668998888
927325	5584	0.005464	23.417142857142856	-7.717069526894406	0.29	24.1306	0.29	27.86	1.4449811120879448	-3.24	0.23	1.4741253668998888
298430	5584	0.005464	23.417142857142856	-7.1089695268944055	0.3	24.7387	0.3	27.53	1.4398062113933303	-3.27	0.26	1.4741253668998888
602554	5584	0.005464	23.417142857142856	-8.092269526894405	0.46	23.7554	0.46	26.71	1.426673888021373	-3.18	0.34	1.4741253668998888
563696	5584	0.005464	23.417142857142856	-7.35866952689441	0.34	24.489	0.34	26.66	1.4258601450778403	-3.08	0.32	1.4741253668998888
711358	5584	0.005464	23.417142857142856	-6.659469526894412	0.39	25.1882	0.39	26.64	1.4255342204982635	-3.23	0.02	1.4741253668998888
852752	5584	0.005464	23.417142857142856	-8.37966952689441	0.27	23.468	0.27	26.36	1.4209454059219722	-3.16	0.22	1.4741253668998888
519642	5584	0.005464	23.417142857142856	-8.63586952689441	0.43	23.2118	0.43	25.75	1.4107772333772097	-2.95	0.47	1.4741253668998888
550434	5584	0.005464	23.417142857142856	-7.3045695268944115	0.28	24.5431	0.28	25.59	1.4080702858871854	-3.36	0.07	1.4741253668998888
740028	5584	0.005464	23.417142857142856	-7.585369526894411	0.63	24.2623	0.63	25.57	1.4077307280263354	-3.0	0.38	1.4741253668998888
825506	5584	0.005464	23.417142857142856	-5.9417695268944115	0.49	25.9059	0.49	25.3	1.403120521175818	-3.19	0.16	1.4741253668998888
912240	5584	0.005464	23.417142857142856	-7.014869526894408	0.41	24.8328	0.41	25.06	1.3989810666581313	-3.18	0.27	1.4741253668998888
892554	5584	0.005464	23.417142857142856	-7.9088695268944065	0.38	23.9388	0.38	25.02	1.3982873053574012	-3.19	0.2	1.4741253668998888
729270	5584	0.005464	23.417142857142856	-7.197669526894408	0.27	24.65	0.27	24.71	1.3928727454020795	-3.36	0.23	1.4741253668998888
82928	5584	0.005464	23.417142857142856	-7.066169526894406	0.43	24.7815	0.43	24.28	1.38524868240322	-3.36	0.09	1.4741253668998888
552392	5584	0.005464	23.417142857142856	-6.314869526894405	0.33	25.5328	0.33	23.44	1.369957607346053	-3.36	0.14	1.4741253668998888
534937	5584	0.005464	23.417142857142856	-7.239969526894406	0.13	24.6077	0.13	23.33	1.3679147387937527	-3.39	0.33	1.4741253668998888
549585	5584	0.005464	23.417142857142856	-7.392569526894405	0.47	24.4551	0.47	22.92	1.3602146132953523	-2.99	0.65	1.4741253668998888
853244	5584	0.005464	23.417142857142856	-5.607669526894412	0.69	26.24	0.69	22.52	1.3525683861793085	-3.2	0.28	1.4741253668998888
321323	5584	0.005464	23.417142857142856	-7.52456952689441	0.76	24.3231	0.76	21.51	1.3326404103874625	-3.17	0.92	1.4741253668998888
787283	5584	0.005464	23.417142857142856	-7.345369526894409	0.5	24.5023	0.5	21.07	1.3236645356081003	-3.03	0.54	1.4741253668998888
889136	5584	0.005464	23.417142857142856	-7.779169526894407	0.35	24.0685	0.35	20.77	1.317436496535099	-3.25	0.2	1.4741253668998888
258671	5584	0.005464	23.417142857142856	-6.757669526894411	0.43	25.09	0.43	20.28	1.3070679506612983	-3.21	0.81	1.4741253668998888
136908	5584	0.005464	23.417142857142856	-7.078469526894409	0.51	24.7692	0.51	19.6	1.2922560713564761	-3.36	0.51	1.4741253668998888
482301	5584	0.005464	23.417142857142856	-6.29766952689441	0.72	25.55	0.72	18.43	1.2655253352190738	-2.96	1.09	1.4741253668998888
710341	5584	0.005464	23.417142857142856	-7.87686952689441	0.47	23.9708	0.47	17.99	1.2550311633455513	-3.15	0.52	1.4741253668998888
1006820	5584	0.005464	23.417142857142856	-6.055069526894407	0.31	25.7926	0.31	17.3	1.2380461031287955	-3.31	0.83	1.4741253668998888
666561	5584	0.005464	23.417142857142856	-7.8655695268944115	0.43	23.9821	0.43	17.08	1.2324878663529861	-2.92	0.9	1.4741253668998888
429073	5584	0.005464	23.417142857142856	-6.23516952689441	0.53	25.6125	0.53	16.4	1.2148438480476977	-3.13	0.55	1.4741253668998888
590730	5584	0.005464	23.417142857142856	-6.057669526894408	0.58	25.79	0.58	14.49	1.1610683854711745	-3.11	0.58	1.4741253668998888
790690	5584	0.005464	23.417142857142856	-6.9591695268944065	0.63	24.8885	0.63	14.45	1.1598678470925667	-3.41	0.28	1.4741253668998888
14850	4038	0.005477	23.472857142857144	-7.803629778170958	0.44	24.0492	0.44	20.11	1.303412070596742	-2.94	1.3	1.4741253668998888
2741	4038	0.005477	23.472857142857144	-7.5254297781709525	0.37	24.3274	0.37	20.96	1.321391278311689	-3.02	0.89	1.4741253668998888
1786	4038	0.005477	23.472857142857144	-8.196129778170956	0.42	23.6567	0.42	23.36	1.368472838440362	-3.08	0.23	1.4741253668998888
79340	4038	0.005477	23.472857142857144	-8.120829778170958	0.36	23.732	0.36	23.4	1.3692158574101427	-3.18	1.05	1.4741253668998888
90544	4038	0.005477	23.472857142857144	-8.034429778170953	0.6	23.8184	0.6	23.42	1.3695868907363444	-3.28	0.79	1.4741253668998888
61885	4038	0.005477	23.472857142857144	-8.235829778170952	0.48	23.617	0.48	25.89	1.4131320504348721	-2.9	1.38	1.4741253668998888
66226	4038	0.005477	23.472857142857144	-8.103829778170955	0.54	23.749	0.54	26.41	1.421768401206924	-2.99	0.67	1.4741253668998888
2899	4038	0.005477	23.472857142857144	-8.159929778170955	0.39	23.6929	0.39	28.29	1.451632947456991	-3.02	0.33	1.4741253668998888
50618	4038	0.005477	23.472857142857144	-6.679729778170952	0.61	25.1731	0.61	30.05	1.4778444763387584	-3.0	1.02	1.4741253668998888
61212	4038	0.005477	23.472857142857144	-8.646629778170954	0.55	23.2062	0.55	30.06	1.4779889762508893	-3.03	0.61	1.4741253668998888
14127	4038	0.005477	23.472857142857144	-7.468229778170958	0.5	24.3846	0.5	32.61	1.513350798805957	-2.95	0.74	1.4741253668998888
66568	4038	0.005477	23.472857142857144	-7.437929778170954	0.57	24.4149	0.57	35.15	1.5459253293558428	-3.0	0.17	1.4741253668998888
2098	4038	0.005477	23.472857142857144	-7.663829778170957	0.45	24.189	0.45	36.06	1.5570257223863833	-3.05	0.32	1.4741253668998888
52139	4038	0.005477	23.472857142857144	-8.186129778170958	0.42	23.6667	0.42	36.53	1.5626496722119168	-2.88	1.01	1.4741253668998888
56965	4038	0.005477	23.472857142857144	-9.006929778170955	0.57	22.8459	0.57	37.87	1.5782953051208262	-2.95	0.58	1.4741253668998888
12318	4038	0.005477	23.472857142857144	-8.308229778170954	0.57	23.5446	0.57	38.71	1.587823171318955	-2.94	1.01	1.4741253668998888
57613	4038	0.005477	23.472857142857144	-8.603829778170955	0.51	23.249	0.51	39.82	1.6001012556913907	-2.99	0.36	1.4741253668998888
59401	4038	0.005477	23.472857142857144	-8.086829778170959	0.43	23.766	0.43	40.07	1.6028193424326997	-2.96	0.67	1.4741253668998888
61493	4038	0.005477	23.472857142857144	-7.674129778170958	0.54	24.1787	0.54	40.84	1.6110857334148727	-2.96	0.39	1.4741253668998888
67110	4038	0.005477	23.472857142857144	-7.570029778170955	0.48	24.2828	0.48	41.07	1.6135247028536523	-2.99	0.37	1.4741253668998888
87068	4038	0.005477	23.472857142857144	-7.494829778170953	0.54	24.358	0.54	42.41	1.6274682724597096	-3.18	0.28	1.4741253668998888
60844	4038	0.005477	23.472857142857144	-8.449229778170952	0.54	23.4036	0.54	42.91	1.6325585145326718	-2.97	0.47	1.4741253668998888
75207	4038	0.005477	23.472857142857144	-8.183529778170957	0.37	23.6693	0.37	42.99	1.633367445117007	-3.03	0.12	1.4741253668998888
1757	4038	0.005477	23.472857142857144	-8.559429778170959	0.27	23.2934	0.27	43.98	1.6432552250247716	-3.05	0.21	1.4741253668998888
40839	4038	0.005477	23.472857142857144	-8.066129778170954	0.35	23.7867	0.35	45.85	1.6613393400060399	-2.95	0.55	1.4741253668998888
63839	4038	0.005477	23.472857142857144	-8.222029778170956	0.39	23.6308	0.39	46.16	1.664265800147675	-2.98	0.34	1.4741253668998888
74894	4038	0.005477	23.472857142857144	-9.264129778170956	0.5	22.5887	0.5	46.31	1.6656747809938934	-3.11	0.69	1.4741253668998888
80094	4038	0.005477	23.472857142857144	-9.189629778170955	0.47	22.6632	0.47	46.73	1.6695957810243134	-3.11	0.33	1.4741253668998888
49858	4038	0.005477	23.472857142857144	-7.902829778170954	0.49	23.95	0.49	50.34	1.7019132112123438	-2.98	0.77	1.4741253668998888
88457	4038	0.005477	23.472857142857144	-8.383529778170953	0.43	23.4693	0.43	53.95	1.7319914490189294	-3.22	1.06	1.4741253668998888
12435	4038	0.005477	23.472857142857144	-8.234929778170958	0.52	23.6179	0.52	54.5	1.7363965022766426	-2.91	0.8	1.4741253668998888
61356	4038	0.005477	23.472857142857144	-7.767129778170954	0.57	24.0857	0.57	58.78	1.7692295817365937	-2.96	0.39	1.4741253668998888
82809	4038	0.005477	23.472857142857144	-9.165129778170956	0.43	22.6877	0.43	61.04	1.785614524946824	-3.19	0.5	1.4741253668998888
77376	4038	0.005477	23.472857142857144	-8.726829778170952	0.62	23.126	0.62	61.36	1.7878853509409245	-3.09	0.79	1.4741253668998888
62538	4038	0.005477	23.472857142857144	-9.237629778170954	0.29	22.6152	0.29	64.41	1.8089532991559112	-3.03	0.27	1.4741253668998888
10441	4038	0.005477	23.472857142857144	-7.657129778170955	0.63	24.1957	0.63	66.68	1.8239955911559678	-2.94	0.83	1.4741253668998888
67639	4038	0.005477	23.472857142857144	-8.847629778170955	0.38	23.0052	0.38	72.93	1.8629062135629981	-2.93	0.26	1.4741253668998888
67811	4038	0.005477	23.472857142857144	-9.417329778170954	0.21	22.4355	0.21	76.83	1.8855308331880922	-3.08	0.21	1.4741253668998888
5006	4038	0.005477	23.472857142857144	-8.896129778170952	0.45	22.9567	0.45	102.9	2.012415374762433	-2.98	0.31	1.4741253668998888
16265	4038	0.005477	23.472857142857144	-9.594029778170954	0.39	22.2588	0.39	117.6	2.0704073217401198	-2.89	0.21	1.4741253668998888
24649	4038	0.005477	23.472857142857144	-9.552829778170954	0.35	22.3	0.35	118.8	2.074816440645175	-2.84	0.39	1.4741253668998888
8342	4038	0.005477	23.472857142857144	-9.117129778170954	0.27	22.7357	0.27	121.8	2.0856472882968564	-2.95	0.05	1.4741253668998888
5625	4038	0.005477	23.472857142857144	-10.083529778170954	0.31	21.7693	0.31	133.9	2.126780577012009	-2.98	0.13	1.4741253668998888
41146	4038	0.005477	23.472857142857144	-9.597229778170954	0.21	22.2556	0.21	162.1	2.209783014848515	-2.93	0.15	1.4741253668998888
69575	4038	0.005477	23.472857142857144	-10.201529778170956	0.16	21.6513	0.16	197.1	2.2946866242794433	-2.96	0.05	1.4741253668998888
27608	4038	0.005477	23.472857142857144	-9.917729778170957	0.3	21.9351	0.3	203.3	2.3081373786380386	-2.83	0.1	1.4741253668998888
50193	4258	0.001494	6.402857142857144	-8.168069060923926	0.15	20.8638	0.15	93.23	1.9695556842208435	-3.05	0.05	1.4741253668998888
42837	4258	0.001494	6.402857142857144	-8.673169060923929	0.18	20.3587	0.18	95.92	1.9819091700907923	-3.04	0.05	1.4741253668998888
9633	4258	0.001494	6.402857142857144	-8.915669060923928	0.23	20.1162	0.23	69.46	1.8417347789747436	-3.0	0.1	1.4741253668998888
31107	4258	0.001494	6.402857142857144	-7.937969060923926	0.24	21.0939	0.24	58.21	1.7649975992848805	-3.03	0.07	1.4741253668998888
15470	4258	0.001494	6.402857142857144	-8.748669060923927	0.27	20.2832	0.27	50.7	1.705007959333336	-3.01	0.22	1.4741253668998888
47358	4258	0.001494	6.402857142857144	-7.804469060923928	0.27	21.2274	0.27	50.89	1.7066324508732946	-3.04	0.14	1.4741253668998888
29058	4258	0.001494	6.402857142857144	-7.831369060923926	0.33	21.2005	0.33	40.54	1.60788374435699	-3.03	0.3	1.4741253668998888
34159	4258	0.001494	6.402857142857144	-7.675969060923929	0.32	21.3559	0.32	41.57	1.6187800245062147	-3.03	0.26	1.4741253668998888
19435	4258	0.001494	6.402857142857144	-8.448069060923928	0.35	20.5838	0.35	39.53	1.5969268143429707	-3.01	0.25	1.4741253668998888
8480	4258	0.001494	6.402857142857144	-8.069369060923929	0.43	20.9625	0.43	37.63	1.5755342183198644	-3.02	0.11	1.4741253668998888
49279	4258	0.001494	6.402857142857144	-7.717269060923929	0.27	21.3146	0.27	36.12	1.5577477416414682	-3.06	0.16	1.4741253668998888
8723	4258	0.001494	6.402857142857144	-6.6954690609239265	0.46	22.3364	0.46	35.57	1.5510838651857803	-3.01	0.52	1.4741253668998888
17423	4258	0.001494	6.402857142857144	-7.312569060923927	0.4	21.7193	0.4	34.57	1.5386993795424069	-3.01	0.38	1.4741253668998888
15103	4258	0.001494	6.402857142857144	-6.139269060923926	0.61	22.8926	0.61	34.36	1.5360531551592047	-3.01	0.5	1.4741253668998888
33434	4258	0.001494	6.402857142857144	-8.491669060923929	0.32	20.5402	0.32	34.48	1.537567257152675	-3.03	0.41	1.4741253668998888
17369	4258	0.001494	6.402857142857144	-7.851869060923928	0.37	21.18	0.37	34.93	1.5431985856376467	-3.03	0.1	1.4741253668998888
189390	4258	0.001494	6.402857142857144	-7.331369060923926	0.29	21.7005	0.29	34.41	1.53668467262093	-3.05	0.22	1.4741253668998888
22927	4258	0.001494	6.402857142857144	-7.878269060923927	0.29	21.1536	0.29	33.99	1.5313511645830598	-3.02	0.47	1.4741253668998888
3147	4258	0.001494	6.402857142857144	-6.945969060923929	0.41	22.0859	0.41	33.39	1.5236164190543708	-3.01	0.37	1.4741253668998888
36217	4258	0.001494	6.402857142857144	-6.254369060923928	0.53	22.7775	0.53	31.1	1.4927603890268375	-3.03	0.34	1.4741253668998888
36357	4258	0.001494	6.402857142857144	-6.8844690609239265	0.41	22.1474	0.41	29.48	1.4695274791870139	-3.04	0.49	1.4741253668998888
21518	4258	0.001494	6.402857142857144	-7.6904690609239275	0.34	21.3414	0.34	30.95	1.4906606533561368	-3.04	0.3	1.4741253668998888
14316	4258	0.001494	6.402857142857144	-7.049269060923926	0.44	21.9826	0.44	29.63	1.4717316514800511	-3.01	0.62	1.4741253668998888
44839	4258	0.001494	6.402857142857144	-7.062869060923926	0.47	21.969	0.47	24.95	1.3970705499594087	-3.05	0.64	1.4741253668998888
30136	4258	0.001494	6.402857142857144	-7.057969060923927	0.47	21.9739	0.47	26.07	1.416141031168329	-3.02	0.64	1.4741253668998888
46945	4258	0.001494	6.402857142857144	-7.3108690609239275	0.49	21.721	0.49	25.12	1.4000196350651586	-3.05	0.37	1.4741253668998888
24960	4258	0.001494	6.402857142857144	-7.276469060923926	0.38	21.7554	0.38	25.49	1.4063698354692675	-3.01	0.56	1.4741253668998888
56661	4258	0.001494	6.402857142857144	-6.000669060923929	0.42	23.0312	0.42	23.83	1.3771240423464561	-3.06	0.34	1.4741253668998888
9241	4258	0.001494	6.402857142857144	-7.067069060923927	0.5	21.9648	0.5	27.25	1.4353665066126613	-3.02	0.53	1.4741253668998888
31615	4258	0.001494	6.402857142857144	-7.373069060923928	0.5	21.6588	0.5	23.98	1.37984917876283	-3.03	0.71	1.4741253668998888
43119	4258	0.001494	6.402857142857144	-7.510369060923928	0.38	21.5215	0.38	23.81	1.3767593954048798	-3.04	0.4	1.4741253668998888
8361	4258	0.001494	6.402857142857144	-7.212069060923927	0.44	21.8198	0.44	23.79	1.3763944420372662	-3.01	0.69	1.4741253668998888
17151	4258	0.001494	6.402857142857144	-7.478369060923928	0.35	21.5535	0.35	22.35	1.3492775274679554	-3.01	0.57	1.4741253668998888
23741	4258	0.001494	6.402857142857144	-6.6381690609239286	0.56	22.3937	0.56	22.68	1.355643050220869	-3.01	0.51	1.4741253668998888
14643	4258	0.001494	6.402857142857144	-6.159069060923926	0.44	22.8728	0.44	22.04	1.3432115901797474	-3.01	0.92	1.4741253668998888
17357	4258	0.001494	6.402857142857144	-7.417969060923927	0.36	21.6139	0.36	22.45	1.351216345339342	-3.01	0.6	1.4741253668998888
34408	4258	0.001494	6.402857142857144	-7.270369060923926	0.55	21.7615	0.55	22.42	1.3506356082589543	-3.03	0.68	1.4741253668998888
12898	4258	0.001494	6.402857142857144	-6.227269060923927	0.56	22.8046	0.56	22.82	1.3583156400821959	-3.01	0.78	1.4741253668998888
14775	4258	0.001494	6.402857142857144	-6.887069060923928	0.39	22.1448	0.39	21.61	1.3346547668832414	-3.01	1.11	1.4741253668998888
1824	4258	0.001494	6.402857142857144	-6.457269060923927	0.45	22.5746	0.45	20.1	1.3031960574204888	-3.0	0.77	1.4741253668998888
8052	4258	0.001494	6.402857142857144	-7.350869060923927	0.53	21.681	0.53	20.76	1.3172273491764204	-3.0	0.81	1.4741253668998888
6616	4258	0.001494	6.402857142857144	-6.253169060923927	0.49	22.7787	0.49	16.99	1.2301933788690456	-3.0	1.17	1.4741253668998888
40434	4258	0.001494	6.402857142857144	-6.872069060923927	0.48	22.1598	0.48	16.43	1.2156375634350618	-3.02	0.82	1.4741253668998888
38988	4258	0.001494	6.402857142857144	-6.040369060923929	0.67	22.9915	0.67	17.53	1.243781916093795	-3.04	1.0	1.4741253668998888
158057	4258	0.001494	6.402857142857144	-5.582069060923928	0.62	23.4498	0.62	16.68	1.2221960463017199	-3.01	0.98	1.4741253668998888
19414	4258	0.001494	6.402857142857144	-6.130869060923928	0.44	22.901	0.44	16.38	1.2143138974243997	-3.02	0.68	1.4741253668998888
49332	4258	0.001494	6.402857142857144	-5.992969060923926	0.49	23.0389	0.49	16.0	1.2041199826559248	-3.04	0.8	1.4741253668998888
11066	4258	0.001494	6.402857142857144	-5.827969060923927	0.55	23.2039	0.55	15.91	1.2016701796465816	-3.0	1.15	1.4741253668998888
60978	4258	0.001494	6.402857142857144	-4.961569060923928	0.67	24.0703	0.67	15.21	1.1821292140529984	-3.05	0.8	1.4741253668998888
29222	4258	0.001494	6.402857142857144	-6.5654690609239275	0.6	22.4664	0.6	14.58	1.1637575239819558	-3.02	0.75	1.4741253668998888
16299	4258	0.001494	6.402857142857144	-5.066669060923928	0.72	23.9652	0.72	12.28	1.0891983668051488	-3.01	1.3	1.4741253668998888
51416	4258	0.001494	6.402857142857144	-5.897569060923928	0.56	23.1343	0.56	11.09	1.04493154614916	-3.06	1.07	1.4741253668998888
57246	4258	0.001494	6.402857142857144	-5.926769060923927	0.45	23.1051	0.45	10.9	1.0374264979406236	-3.06	1.09	1.4741253668998888
20566	4258	0.001494	6.402857142857144	-6.938269060923929	0.56	22.0936	0.56	10.36	1.0153597554092142	-3.02	1.1	1.4741253668998888
25811	4258	0.001494	6.402857142857144	-5.776769060923929	0.61	23.2551	0.61	10.3	1.0128372247051722	-3.02	1.25	1.4741253668998888
25760	4258	0.001494	6.402857142857144	-5.029069060923927	0.54	24.0028	0.54	9.979	0.9990870226258883	-3.02	1.46	1.4741253668998888
64217	4258	0.001494	6.402857142857144	-6.037769060923928	0.51	22.9941	0.51	10.06	1.0025979807199086	-3.06	0.95	1.4741253668998888
89807	4258	0.001494	6.402857142857144	-8.438469060923929	0.11	20.5934	0.11	98.42	1.993083360698062	-3.07	0.03	1.4741253668998888
80885	4258	0.001494	6.402857142857144	-8.745169060923928	0.15	20.2867	0.15	65.23	1.8144473785224877	-3.07	0.04	1.4741253668998888
10849	4258	0.001494	6.402857142857144	-7.951269060923927	0.29	21.0806	0.29	51.51	1.711891549880579	-3.08	0.2	1.4741253668998888
77289	4258	0.001494	6.402857142857144	-7.969169060923928	0.18	21.0627	0.18	46.39	1.6664243725187595	-3.1	0.11	1.4741253668998888
1625	4258	0.001494	6.402857142857144	-8.264169060923926	0.29	20.7677	0.29	45.43	1.657342736814626	-3.08	0.16	1.4741253668998888
2686	4258	0.001494	6.402857142857144	-7.686469060923926	0.31	21.3454	0.31	44.05	1.6439459127480667	-3.12	0.1	1.4741253668998888
77610	4258	0.001494	6.402857142857144	-7.861869060923926	0.23	21.17	0.23	42.82	1.6316466629584194	-3.06	0.16	1.4741253668998888
32759	4258	0.001494	6.402857142857144	-7.637269060923927	0.23	21.3946	0.23	42.31	1.6264430253312947	-3.08	0.31	1.4741253668998888
475	4258	0.001494	6.402857142857144	-7.629569060923927	0.34	21.4023	0.34	41.88	1.6220066730068048	-3.07	0.17	1.4741253668998888
62769	4258	0.001494	6.402857142857144	-7.5475690609239265	0.25	21.4843	0.25	33.02	1.5187770689267748	-3.04	0.18	1.4741253668998888
97135	4258	0.001494	6.402857142857144	-6.673869060923927	0.28	22.358	0.28	31.78	1.5021538928713607	-3.08	0.1	1.4741253668998888
99756	4258	0.001494	6.402857142857144	-6.638269060923928	0.27	22.3936	0.27	29.05	1.4631461367263496	-3.1	0.21	1.4741253668998888
106960	4258	0.001494	6.402857142857144	-6.619569060923929	0.27	22.4123	0.27	28.26	1.4511721575125398	-3.08	0.13	1.4741253668998888
83857	4258	0.001494	6.402857142857144	-7.833469060923928	0.3	21.1984	0.3	28.13	1.4491697321652008	-3.07	0.19	1.4741253668998888
37683	4258	0.001494	6.402857142857144	-6.7899690609239265	0.31	22.2419	0.31	26.18	1.417969642214737	-3.03	0.48	1.4741253668998888
103070	4258	0.001494	6.402857142857144	-6.581069060923927	0.45	22.4508	0.45	24.86	1.395501124305626	-3.08	0.21	1.4741253668998888
33002	4258	0.001494	6.402857142857144	-5.619369060923926	0.56	23.4125	0.56	22.48	1.3517963068970236	-3.1	0.44	1.4741253668998888
104131	4258	0.001494	6.402857142857144	-7.048569060923928	0.25	21.9833	0.25	22.89	1.3596457926745429	-3.08	0.2	1.4741253668998888
105183	4258	0.001494	6.402857142857144	-6.986969060923929	0.26	22.0449	0.26	23.0	1.3617278360175928	-3.08	0.22	1.4741253668998888
24365	4258	0.001494	6.402857142857144	-6.579069060923928	0.59	22.4528	0.59	22.38	1.3498600821923312	-3.09	0.52	1.4741253668998888
95003	4258	0.001494	6.402857142857144	-6.373869060923926	0.29	22.658	0.29	20.57	1.313234291694724	-3.1	0.36	1.4741253668998888
93585	4258	0.001494	6.402857142857144	-6.449569060923928	0.41	22.5823	0.41	18.19	1.2598326990634836	-3.07	0.42	1.4741253668998888
99411	4258	0.001494	6.402857142857144	-5.383669060923928	0.5	23.6482	0.5	17.02	1.230959555748569	-3.08	0.35	1.4741253668998888
75254	4258	0.001494	6.402857142857144	-6.583669060923928	0.39	22.4482	0.39	16.52	1.2180100429843634	-3.05	0.38	1.4741253668998888
94632	4258	0.001494	6.402857142857144	-7.279269060923927	0.44	21.7526	0.44	16.03	1.2049335223541449	-3.09	0.39	1.4741253668998888
54398	4258	0.001494	6.402857142857144	-6.726469060923929	0.53	22.3054	0.53	15.73	1.1967287226232868	-3.09	0.81	1.4741253668998888
122858	4258	0.001494	6.402857142857144	-6.2716690609239265	0.33	22.7602	0.33	14.28	1.1547282074401555	-3.1	0.25	1.4741253668998888
111064	4258	0.001494	6.402857142857144	-6.9236690609239275	0.33	22.1082	0.33	14.59	1.1640552918934517	-3.1	0.35	1.4741253668998888
43585	4258	0.001494	6.402857142857144	-6.057269060923929	0.31	22.9746	0.31	14.8	1.1702617153949575	-3.16	0.09	1.4741253668998888
90355	4258	0.001494	6.402857142857144	-5.839069060923929	0.49	23.1928	0.49	14.5	1.1613680022349748	-3.07	0.24	1.4741253668998888
99783	4258	0.001494	6.402857142857144	-6.169869060923929	0.67	22.862	0.67	14.31	1.1556396337597763	-3.11	0.65	1.4741253668998888
58469	4258	0.001494	6.402857142857144	-5.034169060923929	0.84	23.9977	0.84	13.08	1.1166077439882485	-3.09	0.88	1.4741253668998888
59576	4258	0.001494	6.402857142857144	-5.572869060923928	0.61	23.459	0.61	12.65	1.1020905255118367	-3.04	0.72	1.4741253668998888
89618	4258	0.001494	6.402857142857144	-6.075969060923928	0.38	22.9559	0.38	12.47	1.0958664534785427	-3.06	0.55	1.4741253668998888
74725	4258	0.001494	6.402857142857144	-6.169869060923929	0.43	22.862	0.43	11.99	1.0788191830988487	-3.05	0.67	1.4741253668998888
126765	4258	0.001494	6.402857142857144	-4.4800690609239275	0.56	24.5518	0.56	11.64	1.0659529803138696	-3.11	0.28	1.4741253668998888
100093	4258	0.001494	6.402857142857144	-6.677069060923927	0.58	22.3548	0.58	12.02	1.0799044676667207	-3.09	0.46	1.4741253668998888
7952	4258	0.001494	6.402857142857144	-5.9408690609239265	0.53	23.091	0.53	11.92	1.0762762554042176	-3.09	1.04	1.4741253668998888
110213	4258	0.001494	6.402857142857144	-6.369769060923929	0.46	22.6621	0.46	11.6	1.0644579892269184	-3.1	0.53	1.4741253668998888
84547	4258	0.001494	6.402857142857144	-5.8439690609239285	0.36	23.1879	0.36	11.3	1.0530784434834197	-3.06	0.79	1.4741253668998888
109630	4258	0.001494	6.402857142857144	-5.458069060923929	0.49	23.5738	0.49	10.93	1.0386201619497029	-3.09	0.66	1.4741253668998888
95403	4258	0.001494	6.402857142857144	-5.184169060923928	0.62	23.8477	0.62	11.58	1.0637085593914173	-3.09	0.61	1.4741253668998888
91129	4258	0.001494	6.402857142857144	-5.941869060923928	0.35	23.09	0.35	11.16	1.04766419460156	-3.07	0.55	1.4741253668998888
91209	4258	0.001494	6.402857142857144	-5.792669060923927	0.48	23.2392	0.48	10.8	1.0334237554869496	-3.06	0.67	1.4741253668998888
91907	4258	0.001494	6.402857142857144	-6.813869060923928	0.42	22.218	0.42	10.51	1.0216027160282422	-3.07	0.73	1.4741253668998888
94562	4258	0.001494	6.402857142857144	-5.554169060923929	0.41	23.4777	0.41	10.2	1.0086001717619175	-3.09	0.91	1.4741253668998888
97498	4258	0.001494	6.402857142857144	-5.213669060923927	0.62	23.8182	0.62	9.987	0.9994350498763298	-3.07	0.73	1.4741253668998888
104039	4258	0.001494	6.402857142857144	-6.311569060923926	0.56	22.7203	0.56	9.77	0.989894563718773	-3.09	0.63	1.4741253668998888
11694	4258	0.001494	6.402857142857144	-3.152969060923926	0.7	25.8789	0.7	4.934	0.6931991451537173	-3.3	1.34	1.4741253668998888
10401	4258	0.001494	6.402857142857144	-4.369369060923926	0.67	24.6625	0.67	5.297	0.7240299729355977	-3.3	1.45	1.4741253668998888
5387	4258	0.001494	6.402857142857144	-6.672969060923929	0.56	22.3589	0.56	6.487	0.8120438979302267	-3.32	1.15	1.4741253668998888
9483	4258	0.001494	6.402857142857144	-4.199369060923928	0.72	24.8325	0.72	6.803	0.8327004709605674	-3.31	1.1	1.4741253668998888
11990	4258	0.001494	6.402857142857144	-5.468369060923926	0.65	23.5635	0.65	8.024	0.9043909200123617	-3.29	0.83	1.4741253668998888
2134	4258	0.001494	6.402857142857144	-4.597069060923928	0.6	24.4348	0.6	8.137	0.9104643159956136	-3.34	1.25	1.4741253668998888
13262	4258	0.001494	6.402857142857144	-4.799069060923927	0.64	24.2328	0.64	8.288	0.9184497424011578	-3.28	0.75	1.4741253668998888
9786	4258	0.001494	6.402857142857144	-5.097069060923928	0.59	23.9348	0.59	8.92	0.9503648543761231	-3.3	0.87	1.4741253668998888
81614	4258	0.001494	6.402857142857144	-7.505969060923928	0.3	21.5259	0.3	20.31	1.3077099234048066	-3.08	0.29	1.4741253668998888
67208	4258	0.001494	6.402857142857144	-6.988769060923929	0.37	22.0431	0.37	18.29	1.2622137054764169	-3.08	0.28	1.4741253668998888
116159	4258	0.001494	6.402857142857144	-6.606769060923927	0.3	22.4251	0.3	21.87	1.339848783037637	-3.1	0.12	1.4741253668998888
143829	4258	0.001494	6.402857142857144	-6.414369060923928	0.13	22.6175	0.13	18.28	1.2619761913978127	-3.27	0.03	1.4741253668998888
121078	4258	0.001494	6.402857142857144	-6.489569060923927	0.31	22.5423	0.31	18.42	1.2652896258608302	-3.11	0.19	1.4741253668998888
138294	4258	0.001494	6.402857142857144	-6.463169060923928	0.2	22.5687	0.2	15.81	1.1989318699322091	-3.17	0.12	1.4741253668998888
106997	4258	0.001494	6.402857142857144	-6.086269060923929	0.39	22.9456	0.39	15.29	1.18440748541232	-3.11	0.25	1.4741253668998888
144134	4258	0.001494	6.402857142857144	-6.056769060923926	0.16	22.9751	0.16	15.61	1.1934029030624176	-3.23	0.05	1.4741253668998888
107947	4258	0.001494	6.402857142857144	-5.854169060923926	0.3	23.1777	0.3	14.67	1.1664301138432827	-3.11	0.32	1.4741253668998888
118961	4258	0.001494	6.402857142857144	-7.248469060923927	0.26	21.7834	0.26	12.82	1.1078880251827987	-3.11	0.31	1.4741253668998888
95987	4258	0.001494	6.402857142857144	-4.6466690609239265	0.73	24.3852	0.73	11.26	1.0515383905153275	-3.11	0.34	1.4741253668998888
141685	4258	0.001494	6.402857142857144	-5.652169060923928	0.21	23.3797	0.21	10.99	1.0409976924234905	-3.24	0.11	1.4741253668998888
145186	4258	0.001494	6.402857142857144	-6.032669060923929	0.23	22.9992	0.23	10.69	1.028977705208778	-3.23	0.1	1.4741253668998888
29021	4258	0.001494	6.402857142857144	-3.468069060923927	0.92	25.5638	0.92	3.072	0.4874212113594744	-3.32	0.95	1.4741253668998888
26262	4258	0.001494	6.402857142857144	-5.487569060923928	0.28	23.5443	0.28	5.007	0.6995775913989091	-3.27	0.46	1.4741253668998888
40543	4258	0.001494	6.402857142857144	-3.9298690609239273	0.73	25.102	0.73	5.372	0.7301360039966778	-3.28	0.39	1.4741253668998888
31191	4258	0.001494	6.402857142857144	-6.608869060923929	0.34	22.423	0.34	5.834	0.7659664247857139	-3.33	0.17	1.4741253668998888
29843	4258	0.001494	6.402857142857144	-5.197069060923926	0.4	23.8348	0.4	5.864	0.7681939616330715	-3.27	0.48	1.4741253668998888
20639	4258	0.001494	6.402857142857144	-4.884169060923927	0.53	24.1477	0.53	6.735	0.8283376000590045	-3.27	0.63	1.4741253668998888
25502	4258	0.001494	6.402857142857144	-5.689069060923927	0.54	23.3428	0.54	7.538	0.8772561331135862	-3.27	0.45	1.4741253668998888
24134	4258	0.001494	6.402857142857144	-4.518569060923927	0.52	24.5133	0.52	8.937	0.951191757934706	-3.27	0.33	1.4741253668998888
12705	4258	0.001494	6.402857142857144	-5.006269060923927	0.59	24.0256	0.59	9.942	0.9974737588029804	-3.33	0.38	1.4741253668998888
14709	4258	0.001494	6.402857142857144	-6.796269060923926	0.26	22.2356	0.26	10.97	1.040206627574711	-3.32	0.17	1.4741253668998888
19312	4258	0.001494	6.402857142857144	-5.388069060923929	0.47	23.6438	0.47	13.55	1.1319392952104246	-3.28	0.2	1.4741253668998888
15276	4258	0.001494	6.402857142857144	-7.048569060923928	0.2	21.9833	0.2	16.43	1.2156375634350618	-3.32	0.17	1.4741253668998888
118782	4258	0.001494	6.402857142857144	-6.966769060923927	0.22	22.0651	0.22	25.56	1.4075608494863625	-3.11	0.17	1.4741253668998888
121312	4258	0.001494	6.402857142857144	-4.670069060923929	0.32	24.3618	0.32	17.85	1.251638220448212	-3.12	0.16	1.4741253668998888
117710	4258	0.001494	6.402857142857144	-5.0521690609239265	0.49	23.9797	0.49	14.3	1.1553360374650619	-3.11	0.3	1.4741253668998888
95711	4258	0.001494	6.402857142857144	-5.691069060923926	0.61	23.3408	0.61	10.94	1.039017321997412	-3.12	0.4	1.4741253668998888
17005	4258	0.001494	6.402857142857144	-4.439069060923927	0.57	24.5928	0.57	5.739	0.7588362247469583	-3.27	0.94	1.4741253668998888
23710	4258	0.001494	6.402857142857144	-3.5975690609239273	0.31	25.4343	0.31	5.92	0.7723217067229198	-3.25	1.21	1.4741253668998888
12774	4258	0.001494	6.402857142857144	-6.400669060923928	0.51	22.6312	0.51	6.189	0.791620482692814	-3.29	0.79	1.4741253668998888
999999	4258	0.001494	6.402857142857144	-8.941869060923928	0.1	20.09	0.1	92.0	1.9637878273455553	-3.16	0.02	1.4741253668998888
42010	4258	0.001494	6.402857142857144	-5.011369060923929	0.32	24.0205	0.32	8.961	0.9523564773237907	-3.24	0.17	1.4741253668998888
28881	4258	0.001494	6.402857142857144	-9.829869060923926	0.1	19.202	0.1	86.15	1.9352552817840474	-3.25	0.0	1.4741253668998888
28076	4258	0.001494	6.402857142857144	-6.956469060923929	0.11	22.0754	0.11	31.17	1.4937368022768398	-3.23	0.0	1.4741253668998888
27963	4258	0.001494	6.402857142857144	-6.7925690609239275	0.15	22.2393	0.15	21.26	1.327563260187278	-3.23	0.06	1.4741253668998888
220887	4258	0.001494	6.402857142857144	-7.028469060923928	0.12	22.0034	0.12	31.29	1.4954055631461933	-3.23	0.01	1.4741253668998888
220789	4258	0.001494	6.402857142857144	-6.728269060923928	0.14	22.3036	0.14	21.29	1.3281756614383224	-3.23	0.03	1.4741253668998888
21853	4258	0.001494	6.402857142857144	-3.5654690609239275	0.35	25.4664	0.35	6.063	0.7826875682349664	-3.26	0.17	1.4741253668998888
15227	4258	0.001494	6.402857142857144	-5.641369060923928	0.32	23.3905	0.32	7.14	0.8536982117761743	-3.28	0.13	1.4741253668998888
24025	4258	0.001494	6.402857142857144	-6.556269060923928	0.25	22.4756	0.25	9.253	0.9662825621674633	-3.25	0.05	1.4741253668998888
28606	4258	0.001494	6.402857142857144	-6.114169060923928	0.1	22.9177	0.1	53.88	1.7314275870509481	-3.24	0.01	1.4741253668998888
19756	4258	0.001494	6.402857142857144	-7.682069060923929	0.1	21.3498	0.1	48.79	1.6883308181122663	-3.24	0.0	1.4741253668998888
16719	4258	0.001494	6.402857142857144	-8.524369060923927	0.1	20.5075	0.1	109.3	2.038620161949703	-3.26	0.0	1.4741253668998888
8073	4258	0.001494	6.402857142857144	-7.364869060923926	0.1	21.667	0.1	32.29	1.5090680450171616	-3.29	0.0	1.4741253668998888
307758	4258	0.001494	6.402857142857144	-7.250069060923927	0.1	21.7818	0.1	32.4	1.510545010206612	-3.29	-0.0	1.4741253668998888
144755	4258	0.001494	6.402857142857144	-6.447469060923929	0.2	22.5844	0.2	12.05	1.0809870469108873	-3.19	0.13	1.4741253668998888
29163	4258	0.001494	6.402857142857144	-4.879869060923927	0.57	24.152	0.57	6.739	0.8285954563717023	-3.25	0.38	1.4741253668998888
34729	4258	0.001494	6.402857142857144	-6.371069060923929	0.5	22.6608	0.5	14.92	1.17376882313665	-3.25	0.0	1.4741253668998888
89375	4258	0.001494	6.402857142857144	-6.619069060923927	0.45	22.4128	0.45	12.38	1.0927206446840991	-3.11	0.42	1.4741253668998888
246695	4258	0.001494	6.402857142857144	-6.434969060923926	0.4	22.5969	0.4	11.2	1.0492180226701815	-3.11	0.49	1.4741253668998888
312665	4258	0.001494	6.402857142857144	-6.259869060923929	0.11	22.772	0.11	39.09	1.5920656704322471	-3.22	0.01	1.4741253668998888
